3675, 77309952
3683, 77309952
3757, 77309952
3756, 77309952
3705, 77309952
3740, 77309952
3743, 77309952
3716, 77309952
3678, 77309952
3675, 77309952
3683, 77309952
3757, 77309952
3756, 77309952
3705, 77309952
3740, 77309952
3743, 77309952
3716, 77309952
3678, 77309952
2461, 48910347
2436, 48910347
2453, 48910347
2449, 48910347
2446, 48910347
2453, 48910347
2411, 48910347
2408, 48910347
2434, 48910347
2461, 48910347
2436, 48910347
2453, 48910347
2449, 48910347
2446, 48910347
2453, 48910347
2411, 48910347
2408, 48910347
2434, 48910347
2402, 48910347
2425, 48910347
2453, 48910347
2449, 48910347
2470, 48910347
2452, 48910347
2462, 48910347
2414, 48910347
2413, 48910347
2402, 48910347
2425, 48910347
2453, 48910347
2449, 48910347
2470, 48910347
2452, 48910347
2462, 48910347
2414, 48910347
2413, 48910347
2424, 49041411
2441, 49041411
2425, 49041411
2436, 49041411
2453, 49041411
2401, 49041411
2418, 49041411
2406, 49041411
2424, 49041411
2424, 49041411
2441, 49041411
2425, 49041411
2436, 49041411
2453, 49041411
2401, 49041411
2418, 49041411
2406, 49041411
2424, 49041411
2396, 49041411
2441, 49041411
2455, 49041411
2386, 49041411
2463, 49041411
2414, 49041411
2438, 49041411
2414, 49041411
2413, 49041411
2396, 49041411
2441, 49041411
2455, 49041411
2386, 49041411
2463, 49041411
2414, 49041411
2438, 49041411
2414, 49041411
2413, 49041411
2419, 49172475
2423, 49172475
2423, 49172475
2434, 49172475
2462, 49172475
2417, 49172475
2388, 49172475
2397, 49172475
2427, 49172475
2419, 49172475
2423, 49172475
2423, 49172475
2434, 49172475
2462, 49172475
2417, 49172475
2388, 49172475
2397, 49172475
2427, 49172475
