1977, 45632656
1989, 45632656
1973, 45632656
1973, 45632656
1983, 45632656
1996, 45632656
1983, 45632656
1987, 45632656
2007, 45632656
1977, 45632656
1989, 45632656
1973, 45632656
1973, 45632656
1983, 45632656
1996, 45632656
1983, 45632656
1987, 45632656
2007, 45632656
1984, 45632656
1998, 45632656
1986, 45632656
1987, 45632656
1967, 45632656
1977, 45632656
1989, 45632656
1994, 45632656
2002, 45632656
1984, 45632656
1998, 45632656
1986, 45632656
1987, 45632656
1967, 45632656
1977, 45632656
1989, 45632656
1994, 45632656
2002, 45632656
1989, 45632656
1984, 45632656
1975, 45632656
1979, 45632656
1998, 45632656
2008, 45632656
1968, 45632656
1979, 45632656
2003, 45632656
1989, 45632656
1984, 45632656
1975, 45632656
1979, 45632656
1998, 45632656
2008, 45632656
1968, 45632656
1979, 45632656
2003, 45632656
1977, 45632656
2000, 45632656
1985, 45632656
1980, 45632656
1972, 45632656
2011, 45632656
1977, 45632656
1995, 45632656
2016, 45632656
1977, 45632656
2000, 45632656
1985, 45632656
1980, 45632656
1972, 45632656
2011, 45632656
1977, 45632656
1995, 45632656
2016, 45632656
1940, 45632656
1988, 45632656
1949, 45632656
1994, 45632656
1998, 45632656
1961, 45632656
1986, 45632656
2000, 45632656
1997, 45632656
1940, 45632656
1988, 45632656
1949, 45632656
1994, 45632656
1998, 45632656
1961, 45632656
1986, 45632656
2000, 45632656
1997, 45632656
1988, 45632656
1995, 45632656
1987, 45632656
1988, 45632656
1986, 45632656
1995, 45632656
1981, 45632656
1989, 45632656
1990, 45632656
1988, 45632656
1995, 45632656
1987, 45632656
1988, 45632656
1986, 45632656
1995, 45632656
1981, 45632656
1989, 45632656
1990, 45632656
