3730, 77309952
3747, 77309952
3783, 77309952
3659, 77309952
3749, 77309952
3730, 77309952
3705, 77309952
3668, 77309952
3731, 77309952
3730, 77309952
3747, 77309952
3783, 77309952
3659, 77309952
3749, 77309952
3730, 77309952
3705, 77309952
3668, 77309952
3731, 77309952
3653, 77309952
3693, 77309952
3755, 77309952
3708, 77309952
3726, 77309952
3672, 77309952
3730, 77309952
3708, 77309952
3745, 77309952
3653, 77309952
3693, 77309952
3755, 77309952
3708, 77309952
3726, 77309952
3672, 77309952
3730, 77309952
3708, 77309952
3745, 77309952
3707, 77309952
3724, 77309952
3756, 77309952
3715, 77309952
3761, 77309952
3770, 77309952
3702, 77309952
3666, 77309952
3751, 77309952
3707, 77309952
3724, 77309952
3756, 77309952
3715, 77309952
3761, 77309952
3770, 77309952
3702, 77309952
3666, 77309952
3751, 77309952
3700, 77309952
3656, 77309952
3771, 77309952
3699, 77309952
3694, 77309952
3679, 77309952
3722, 77309952
3719, 77309952
3745, 77309952
3700, 77309952
3656, 77309952
3771, 77309952
3699, 77309952
3694, 77309952
3679, 77309952
3722, 77309952
3719, 77309952
3745, 77309952
3665, 77309952
3689, 77309952
3539, 77309952
3659, 77309952
3786, 77309952
3719, 77309952
3741, 77309952
3671, 77309952
3752, 77309952
3665, 77309952
3689, 77309952
3539, 77309952
3659, 77309952
3786, 77309952
3719, 77309952
3741, 77309952
3671, 77309952
3752, 77309952
3712, 77309952
3650, 77309952
3729, 77309952
3725, 77309952
3703, 77309952
3642, 77309952
3743, 77309952
3707, 77309952
3740, 77309952
3712, 77309952
3650, 77309952
3729, 77309952
3725, 77309952
3703, 77309952
3642, 77309952
3743, 77309952
3707, 77309952
3740, 77309952
