4756, 77309952
4816, 77309952
4745, 77309952
4758, 77309952
4844, 77309952
4864, 77309952
4795, 77309952
4920, 77309952
4935, 77309952
4756, 77309952
4816, 77309952
4745, 77309952
4758, 77309952
4844, 77309952
4864, 77309952
4795, 77309952
4920, 77309952
4935, 77309952
4662, 49258179
4683, 49258179
4707, 49258179
4778, 49258179
4745, 49258179
4814, 49258179
4792, 49258179
4801, 49258179
4704, 49258179
4662, 49258179
4683, 49258179
4707, 49258179
4778, 49258179
4745, 49258179
4814, 49258179
4792, 49258179
4801, 49258179
4704, 49258179
4786, 49258179
4781, 49258179
4712, 49258179
4847, 49258179
4778, 49258179
4894, 49258179
4713, 49258179
4819, 49258179
4914, 49258179
4786, 49258179
4781, 49258179
4712, 49258179
4847, 49258179
4778, 49258179
4894, 49258179
4713, 49258179
4819, 49258179
4914, 49258179
4687, 49258179
4833, 49258179
4770, 49258179
4567, 49258179
4666, 49258179
4823, 49258179
4722, 49258179
4776, 49258179
4703, 49258179
4687, 49258179
4833, 49258179
4770, 49258179
4567, 49258179
4666, 49258179
4823, 49258179
4722, 49258179
4776, 49258179
4703, 49258179
4818, 49258179
4841, 49258179
4735, 49258179
4899, 49258179
4727, 49258179
4647, 49258179
4660, 49258179
4863, 49258179
4813, 49258179
4818, 49258179
4841, 49258179
4735, 49258179
4899, 49258179
4727, 49258179
4647, 49258179
4660, 49258179
4863, 49258179
4813, 49258179
4701, 49258179
4713, 49258179
4856, 49258179
4880, 49258179
4608, 49258179
4798, 49258179
4660, 49258179
4788, 49258179
4724, 49258179
4701, 49258179
4713, 49258179
4856, 49258179
4880, 49258179
4608, 49258179
4798, 49258179
4660, 49258179
4788, 49258179
4724, 49258179
