4333, 45632656
4333, 45632656
4302, 45632656
4338, 45632656
4338, 45632656
4259, 45632656
4317, 45632656
4395, 45632656
4404, 45632656
4333, 45632656
4333, 45632656
4302, 45632656
4338, 45632656
4338, 45632656
4259, 45632656
4317, 45632656
4395, 45632656
4404, 45632656
4381, 45632656
4373, 45632656
4411, 45632656
4329, 45632656
4384, 45632656
4396, 45632656
4404, 45632656
4291, 45632656
4387, 45632656
4381, 45632656
4373, 45632656
4411, 45632656
4329, 45632656
4384, 45632656
4396, 45632656
4404, 45632656
4291, 45632656
4387, 45632656
4366, 45632656
4285, 45632656
4398, 45632656
4412, 45632656
4441, 45632656
4293, 45632656
4337, 45632656
4365, 45632656
4383, 45632656
4366, 45632656
4285, 45632656
4398, 45632656
4412, 45632656
4441, 45632656
4293, 45632656
4337, 45632656
4365, 45632656
4383, 45632656
4391, 45632656
4403, 45632656
4388, 45632656
4330, 45632656
4394, 45632656
4393, 45632656
4361, 45632656
4312, 45632656
4354, 45632656
4391, 45632656
4403, 45632656
4388, 45632656
4330, 45632656
4394, 45632656
4393, 45632656
4361, 45632656
4312, 45632656
4354, 45632656
4376, 45632656
4244, 45632656
4295, 45632656
4364, 45632656
4253, 45632656
4270, 45632656
4379, 45632656
4425, 45632656
4286, 45632656
4376, 45632656
4244, 45632656
4295, 45632656
4364, 45632656
4253, 45632656
4270, 45632656
4379, 45632656
4425, 45632656
4286, 45632656
4312, 45632656
4408, 45632656
4353, 45632656
4256, 45632656
4376, 45632656
4364, 45632656
4353, 45632656
4300, 45632656
4372, 45632656
4312, 45632656
4408, 45632656
4353, 45632656
4256, 45632656
4376, 45632656
4364, 45632656
4353, 45632656
4300, 45632656
4372, 45632656
