4899, 77309952
4693, 77309952
4810, 77309952
4835, 77309952
4891, 77309952
4768, 77309952
4868, 77309952
4881, 77309952
4883, 77309952
4899, 77309952
4693, 77309952
4810, 77309952
4835, 77309952
4891, 77309952
4768, 77309952
4868, 77309952
4881, 77309952
4883, 77309952
4955, 77309952
4908, 77309952
4736, 77309952
4668, 77309952
4923, 77309952
4825, 77309952
4727, 77309952
4554, 77309952
4852, 77309952
4955, 77309952
4908, 77309952
4736, 77309952
4668, 77309952
4923, 77309952
4825, 77309952
4727, 77309952
4554, 77309952
4852, 77309952
4827, 77309952
4729, 77309952
4820, 77309952
4775, 77309952
4737, 77309952
4674, 77309952
4797, 77309952
4924, 77309952
4893, 77309952
4827, 77309952
4729, 77309952
4820, 77309952
4775, 77309952
4737, 77309952
4674, 77309952
4797, 77309952
4924, 77309952
4893, 77309952
4936, 77309952
4742, 77309952
4799, 77309952
4703, 77309952
4865, 77309952
4834, 77309952
4879, 77309952
4667, 77309952
4905, 77309952
4936, 77309952
4742, 77309952
4799, 77309952
4703, 77309952
4865, 77309952
4834, 77309952
4879, 77309952
4667, 77309952
4905, 77309952
4887, 77309952
4711, 77309952
4852, 77309952
4850, 77309952
4848, 77309952
4711, 77309952
4914, 77309952
4944, 77309952
4764, 77309952
4887, 77309952
4711, 77309952
4852, 77309952
4850, 77309952
4848, 77309952
4711, 77309952
4914, 77309952
4944, 77309952
4764, 77309952
4878, 77309952
4898, 77309952
4834, 77309952
4599, 77309952
4736, 77309952
4833, 77309952
4898, 77309952
4739, 77309952
4896, 77309952
4878, 77309952
4898, 77309952
4834, 77309952
4599, 77309952
4736, 77309952
4833, 77309952
4898, 77309952
4739, 77309952
4896, 77309952
