4857, 77309952
4720, 77309952
4853, 77309952
4920, 77309952
4916, 77309952
4758, 77309952
4925, 77309952
4861, 77309952
4889, 77309952
4857, 77309952
4720, 77309952
4853, 77309952
4920, 77309952
4916, 77309952
4758, 77309952
4925, 77309952
4861, 77309952
4889, 77309952
4739, 48655083
4689, 48655083
4861, 48655083
4660, 48655083
4798, 48655083
4886, 48655083
4854, 48655083
4713, 48655083
4870, 48655083
4739, 48655083
4689, 48655083
4861, 48655083
4660, 48655083
4798, 48655083
4886, 48655083
4854, 48655083
4713, 48655083
4870, 48655083
4773, 48655083
4718, 48655083
4842, 48655083
4789, 48655083
4827, 48655083
4656, 48655083
4762, 48655083
4888, 48655083
4835, 48655083
4773, 48655083
4718, 48655083
4842, 48655083
4789, 48655083
4827, 48655083
4656, 48655083
4762, 48655083
4888, 48655083
4835, 48655083
4750, 48655083
4769, 48655083
4824, 48655083
4710, 48655083
4770, 48655083
4685, 48655083
4834, 48655083
4613, 48655083
4786, 48655083
4750, 48655083
4769, 48655083
4824, 48655083
4710, 48655083
4770, 48655083
4685, 48655083
4834, 48655083
4613, 48655083
4786, 48655083
4643, 48655083
4631, 48655083
4889, 48655083
4796, 48655083
4818, 48655083
4700, 48655083
4758, 48655083
4767, 48655083
4712, 48655083
4643, 48655083
4631, 48655083
4889, 48655083
4796, 48655083
4818, 48655083
4700, 48655083
4758, 48655083
4767, 48655083
4712, 48655083
4599, 48655083
4839, 48655083
4876, 48655083
4715, 48655083
4850, 48655083
4855, 48655083
4702, 48655083
4700, 48655083
4839, 48655083
4599, 48655083
4839, 48655083
4876, 48655083
4715, 48655083
4850, 48655083
4855, 48655083
4702, 48655083
4700, 48655083
4839, 48655083
