4839, 77309952
4746, 77309952
4862, 77309952
4912, 77309952
4939, 77309952
4778, 77309952
4919, 77309952
4891, 77309952
4890, 77309952
4839, 77309952
4746, 77309952
4862, 77309952
4912, 77309952
4939, 77309952
4778, 77309952
4919, 77309952
4891, 77309952
4890, 77309952
4894, 77309952
4742, 77309952
4822, 77309952
4772, 77309952
4948, 77309952
4943, 77309952
4877, 77309952
4792, 77309952
4867, 77309952
4894, 77309952
4742, 77309952
4822, 77309952
4772, 77309952
4948, 77309952
4943, 77309952
4877, 77309952
4792, 77309952
4867, 77309952
4855, 77309952
4775, 77309952
4884, 77309952
4886, 77309952
4761, 77309952
4646, 77309952
4952, 77309952
4887, 77309952
4845, 77309952
4855, 77309952
4775, 77309952
4884, 77309952
4886, 77309952
4761, 77309952
4646, 77309952
4952, 77309952
4887, 77309952
4845, 77309952
4788, 77309952
4933, 77309952
4922, 77309952
4797, 77309952
4933, 77309952
4858, 77309952
4813, 77309952
4846, 77309952
4952, 77309952
4788, 77309952
4933, 77309952
4922, 77309952
4797, 77309952
4933, 77309952
4858, 77309952
4813, 77309952
4846, 77309952
4952, 77309952
4892, 77309952
4657, 77309952
4905, 77309952
4914, 77309952
4868, 77309952
4736, 77309952
4755, 77309952
4700, 77309952
4723, 77309952
4892, 77309952
4657, 77309952
4905, 77309952
4914, 77309952
4868, 77309952
4736, 77309952
4755, 77309952
4700, 77309952
4723, 77309952
4913, 77309952
4801, 77309952
4912, 77309952
4748, 77309952
4855, 77309952
4754, 77309952
4808, 77309952
4770, 77309952
4837, 77309952
4913, 77309952
4801, 77309952
4912, 77309952
4748, 77309952
4855, 77309952
4754, 77309952
4808, 77309952
4770, 77309952
4837, 77309952
