4353, 45632656
4263, 45632656
4416, 45632656
4476, 45632656
4408, 45632656
4311, 45632656
4458, 45632656
4369, 45632656
4409, 45632656
4353, 45632656
4263, 45632656
4416, 45632656
4476, 45632656
4408, 45632656
4311, 45632656
4458, 45632656
4369, 45632656
4409, 45632656
4384, 45632656
4350, 45632656
4399, 45632656
4265, 45632656
4429, 45632656
4441, 45632656
4391, 45632656
4341, 45632656
4409, 45632656
4384, 45632656
4350, 45632656
4399, 45632656
4265, 45632656
4429, 45632656
4441, 45632656
4391, 45632656
4341, 45632656
4409, 45632656
4425, 45632656
4273, 45632656
4443, 45632656
4397, 45632656
4290, 45632656
4284, 45632656
4483, 45632656
4427, 45632656
4430, 45632656
4425, 45632656
4273, 45632656
4443, 45632656
4397, 45632656
4290, 45632656
4284, 45632656
4483, 45632656
4427, 45632656
4430, 45632656
4208, 45632656
4358, 45632656
4463, 45632656
4308, 45632656
4453, 45632656
4400, 45632656
4444, 45632656
4319, 45632656
4484, 45632656
4208, 45632656
4358, 45632656
4463, 45632656
4308, 45632656
4453, 45632656
4400, 45632656
4444, 45632656
4319, 45632656
4484, 45632656
4445, 45632656
4350, 45632656
4428, 45632656
4429, 45632656
4435, 45632656
4337, 45632656
4474, 45632656
4368, 45632656
4475, 45632656
4445, 45632656
4350, 45632656
4428, 45632656
4429, 45632656
4435, 45632656
4337, 45632656
4474, 45632656
4368, 45632656
4475, 45632656
4305, 45632656
4417, 45632656
4428, 45632656
4272, 45632656
4407, 45632656
4421, 45632656
4303, 45632656
4345, 45632656
4437, 45632656
4305, 45632656
4417, 45632656
4428, 45632656
4272, 45632656
4407, 45632656
4421, 45632656
4303, 45632656
4345, 45632656
4437, 45632656
