4875, 77309952
4869, 77309952
4608, 77309952
4816, 77309952
4706, 77309952
4749, 77309952
4715, 77309952
4790, 77309952
4879, 77309952
4875, 77309952
4869, 77309952
4608, 77309952
4816, 77309952
4706, 77309952
4749, 77309952
4715, 77309952
4790, 77309952
4879, 77309952
4603, 49027275
4830, 49027275
4850, 49027275
4755, 49027275
4736, 49027275
4880, 49027275
4860, 49027275
4814, 49027275
4720, 49027275
4603, 49027275
4830, 49027275
4850, 49027275
4755, 49027275
4736, 49027275
4880, 49027275
4860, 49027275
4814, 49027275
4720, 49027275
4845, 49027275
4867, 49027275
4703, 49027275
4862, 49027275
4865, 49027275
4790, 49027275
4711, 49027275
4832, 49027275
4816, 49027275
4845, 49027275
4867, 49027275
4703, 49027275
4862, 49027275
4865, 49027275
4790, 49027275
4711, 49027275
4832, 49027275
4816, 49027275
4708, 49027275
4790, 49027275
4864, 49027275
4804, 49027275
4573, 49027275
4727, 49027275
4825, 49027275
4742, 49027275
4654, 49027275
4708, 49027275
4790, 49027275
4864, 49027275
4804, 49027275
4573, 49027275
4727, 49027275
4825, 49027275
4742, 49027275
4654, 49027275
4803, 49027275
4848, 49027275
4654, 49027275
4634, 49027275
4737, 49027275
4706, 49027275
4547, 49027275
4597, 49027275
4712, 49027275
4803, 49027275
4848, 49027275
4654, 49027275
4634, 49027275
4737, 49027275
4706, 49027275
4547, 49027275
4597, 49027275
4712, 49027275
4553, 49027275
4793, 49027275
4666, 49027275
4711, 49027275
4691, 49027275
4724, 49027275
4760, 49027275
4798, 49027275
4673, 49027275
4553, 49027275
4793, 49027275
4666, 49027275
4711, 49027275
4691, 49027275
4724, 49027275
4760, 49027275
4798, 49027275
4673, 49027275
