4885, 77309952
4710, 77309952
4847, 77309952
4818, 77309952
4920, 77309952
4670, 77309952
4809, 77309952
4663, 77309952
4771, 77309952
4885, 77309952
4710, 77309952
4847, 77309952
4818, 77309952
4920, 77309952
4670, 77309952
4809, 77309952
4663, 77309952
4771, 77309952
4885, 77309952
4818, 77309952
4904, 77309952
4708, 77309952
4896, 77309952
4848, 77309952
4892, 77309952
4641, 77309952
4761, 77309952
4885, 77309952
4818, 77309952
4904, 77309952
4708, 77309952
4896, 77309952
4848, 77309952
4892, 77309952
4641, 77309952
4761, 77309952
4921, 77309952
4746, 77309952
4927, 77309952
4877, 77309952
4948, 77309952
4735, 77309952
4901, 77309952
4902, 77309952
4866, 77309952
4921, 77309952
4746, 77309952
4927, 77309952
4877, 77309952
4948, 77309952
4735, 77309952
4901, 77309952
4902, 77309952
4866, 77309952
4914, 77309952
4870, 77309952
4870, 77309952
4714, 77309952
4892, 77309952
4877, 77309952
4898, 77309952
4683, 77309952
4792, 77309952
4914, 77309952
4870, 77309952
4870, 77309952
4714, 77309952
4892, 77309952
4877, 77309952
4898, 77309952
4683, 77309952
4792, 77309952
4799, 77309952
4673, 77309952
4856, 77309952
4751, 77309952
4589, 77309952
4760, 77309952
4858, 77309952
4714, 77309952
4777, 77309952
4799, 77309952
4673, 77309952
4856, 77309952
4751, 77309952
4589, 77309952
4760, 77309952
4858, 77309952
4714, 77309952
4777, 77309952
4713, 77309952
4748, 77309952
4836, 77309952
4739, 77309952
4872, 77309952
4890, 77309952
4879, 77309952
4714, 77309952
4778, 77309952
4713, 77309952
4748, 77309952
4836, 77309952
4739, 77309952
4872, 77309952
4890, 77309952
4879, 77309952
4714, 77309952
4778, 77309952
