4331, 45632656
4196, 45632656
4351, 45632656
4411, 45632656
4404, 45632656
4271, 45632656
4328, 45632656
4350, 45632656
4365, 45632656
4331, 45632656
4196, 45632656
4351, 45632656
4411, 45632656
4404, 45632656
4271, 45632656
4328, 45632656
4350, 45632656
4365, 45632656
4280, 45632656
4290, 45632656
4349, 45632656
4160, 45632656
4312, 45632656
4341, 45632656
4382, 45632656
4252, 45632656
4338, 45632656
4280, 45632656
4290, 45632656
4349, 45632656
4160, 45632656
4312, 45632656
4341, 45632656
4382, 45632656
4252, 45632656
4338, 45632656
4425, 45632656
4284, 45632656
4382, 45632656
4358, 45632656
4384, 45632656
4253, 45632656
4325, 45632656
4405, 45632656
4385, 45632656
4425, 45632656
4284, 45632656
4382, 45632656
4358, 45632656
4384, 45632656
4253, 45632656
4325, 45632656
4405, 45632656
4385, 45632656
4374, 45632656
4315, 45632656
4402, 45632656
4288, 45632656
4400, 45632656
4353, 45632656
4254, 45632656
4263, 45632656
4298, 45632656
4374, 45632656
4315, 45632656
4402, 45632656
4288, 45632656
4400, 45632656
4353, 45632656
4254, 45632656
4263, 45632656
4298, 45632656
4392, 45632656
4288, 45632656
4407, 45632656
4341, 45632656
4238, 45632656
4274, 45632656
4356, 45632656
4367, 45632656
4296, 45632656
4392, 45632656
4288, 45632656
4407, 45632656
4341, 45632656
4238, 45632656
4274, 45632656
4356, 45632656
4367, 45632656
4296, 45632656
4252, 45632656
4391, 45632656
4388, 45632656
4292, 45632656
4413, 45632656
4369, 45632656
4378, 45632656
4210, 45632656
4276, 45632656
4252, 45632656
4391, 45632656
4388, 45632656
4292, 45632656
4413, 45632656
4369, 45632656
4378, 45632656
4210, 45632656
4276, 45632656
