3708, 77309952
3771, 77309952
3727, 77309952
3743, 77309952
3711, 77309952
3737, 77309952
3689, 77309952
3737, 77309952
3745, 77309952
3708, 77309952
3771, 77309952
3727, 77309952
3743, 77309952
3711, 77309952
3737, 77309952
3689, 77309952
3737, 77309952
3745, 77309952
2470, 48951291
2504, 48951291
2509, 48951291
2487, 48951291
2466, 48951291
2436, 48951291
2494, 48951291
2502, 48951291
2485, 48951291
2470, 48951291
2504, 48951291
2509, 48951291
2487, 48951291
2466, 48951291
2436, 48951291
2494, 48951291
2502, 48951291
2485, 48951291
2488, 48971763
2527, 48971763
2494, 48971763
2467, 48971763
2504, 48971763
2469, 48971763
2484, 48971763
2502, 48971763
2496, 48971763
2488, 48971763
2527, 48971763
2494, 48971763
2467, 48971763
2504, 48971763
2469, 48971763
2484, 48971763
2502, 48971763
2496, 48971763
2497, 48971763
2511, 48971763
2502, 48971763
2477, 48971763
2488, 48971763
2471, 48971763
2491, 48971763
2501, 48971763
2475, 48971763
2497, 48971763
2511, 48971763
2502, 48971763
2477, 48971763
2488, 48971763
2471, 48971763
2491, 48971763
2501, 48971763
2475, 48971763
2435, 48971763
2505, 48971763
2500, 48971763
2468, 48971763
2504, 48971763
2451, 48971763
2468, 48971763
2492, 48971763
2493, 48971763
2435, 48971763
2505, 48971763
2500, 48971763
2468, 48971763
2504, 48971763
2451, 48971763
2468, 48971763
2492, 48971763
2493, 48971763
2456, 48971763
2503, 48971763
2489, 48971763
2483, 48971763
2502, 48971763
2468, 48971763
2495, 48971763
2492, 48971763
2482, 48971763
2456, 48971763
2503, 48971763
2489, 48971763
2483, 48971763
2502, 48971763
2468, 48971763
2495, 48971763
2492, 48971763
2482, 48971763
