3644, 77309952
3632, 77309952
3702, 77309952
3660, 77309952
3606, 77309952
3607, 77309952
3626, 77309952
3713, 77309952
3676, 77309952
3644, 77309952
3632, 77309952
3702, 77309952
3660, 77309952
3606, 77309952
3607, 77309952
3626, 77309952
3713, 77309952
3676, 77309952
3674, 77309952
3688, 77309952
3644, 77309952
3569, 77309952
3670, 77309952
3643, 77309952
3689, 77309952
3631, 77309952
3675, 77309952
3674, 77309952
3688, 77309952
3644, 77309952
3569, 77309952
3670, 77309952
3643, 77309952
3689, 77309952
3631, 77309952
3675, 77309952
3671, 77309952
3593, 77309952
3681, 77309952
3684, 77309952
3617, 77309952
3634, 77309952
3666, 77309952
3657, 77309952
3707, 77309952
3671, 77309952
3593, 77309952
3681, 77309952
3684, 77309952
3617, 77309952
3634, 77309952
3666, 77309952
3657, 77309952
3707, 77309952
3672, 77309952
3686, 77309952
3702, 77309952
3563, 77309952
3716, 77309952
3616, 77309952
3648, 77309952
3626, 77309952
3702, 77309952
3672, 77309952
3686, 77309952
3702, 77309952
3563, 77309952
3716, 77309952
3616, 77309952
3648, 77309952
3626, 77309952
3702, 77309952
3452, 77309952
3622, 77309952
3736, 77309952
3666, 77309952
3614, 77309952
3630, 77309952
3681, 77309952
3710, 77309952
3681, 77309952
3452, 77309952
3622, 77309952
3736, 77309952
3666, 77309952
3614, 77309952
3630, 77309952
3681, 77309952
3710, 77309952
3681, 77309952
3708, 77309952
3699, 77309952
3631, 77309952
3618, 77309952
3655, 77309952
3657, 77309952
3698, 77309952
3555, 77309952
3669, 77309952
3708, 77309952
3699, 77309952
3631, 77309952
3618, 77309952
3655, 77309952
3657, 77309952
3698, 77309952
3555, 77309952
3669, 77309952
