1965, 45632656
1996, 45632656
1987, 45632656
1966, 45632656
1988, 45632656
1982, 45632656
1956, 45632656
1984, 45632656
1986, 45632656
1965, 45632656
1996, 45632656
1987, 45632656
1966, 45632656
1988, 45632656
1982, 45632656
1956, 45632656
1984, 45632656
1986, 45632656
1994, 45632656
1990, 45632656
1991, 45632656
1954, 45632656
1998, 45632656
1968, 45632656
1978, 45632656
1998, 45632656
1993, 45632656
1994, 45632656
1990, 45632656
1991, 45632656
1954, 45632656
1998, 45632656
1968, 45632656
1978, 45632656
1998, 45632656
1993, 45632656
1988, 45632656
1985, 45632656
1994, 45632656
1946, 45632656
1987, 45632656
1980, 45632656
1940, 45632656
1978, 45632656
1997, 45632656
1988, 45632656
1985, 45632656
1994, 45632656
1946, 45632656
1987, 45632656
1980, 45632656
1940, 45632656
1978, 45632656
1997, 45632656
1989, 45632656
2002, 45632656
1998, 45632656
1983, 45632656
1990, 45632656
1960, 45632656
1981, 45632656
1982, 45632656
1978, 45632656
1989, 45632656
2002, 45632656
1998, 45632656
1983, 45632656
1990, 45632656
1960, 45632656
1981, 45632656
1982, 45632656
1978, 45632656
1945, 45632656
1993, 45632656
1995, 45632656
1972, 45632656
1973, 45632656
1984, 45632656
1972, 45632656
2006, 45632656
1971, 45632656
1945, 45632656
1993, 45632656
1995, 45632656
1972, 45632656
1973, 45632656
1984, 45632656
1972, 45632656
2006, 45632656
1971, 45632656
1998, 45632656
2000, 45632656
1993, 45632656
1972, 45632656
2004, 45632656
1990, 45632656
1950, 45632656
1989, 45632656
1978, 45632656
1998, 45632656
2000, 45632656
1993, 45632656
1972, 45632656
2004, 45632656
1990, 45632656
1950, 45632656
1989, 45632656
1978, 45632656
