4699, 77309952
4752, 77309952
4658, 77309952
4709, 77309952
4605, 77309952
4602, 77309952
4553, 77309952
4766, 77309952
4731, 77309952
4699, 77309952
4752, 77309952
4658, 77309952
4709, 77309952
4605, 77309952
4602, 77309952
4553, 77309952
4766, 77309952
4731, 77309952
4485, 49048779
4631, 49048779
4635, 49048779
4718, 49048779
4574, 49048779
4752, 49048779
4759, 49048779
4757, 49048779
4499, 49048779
4485, 49048779
4631, 49048779
4635, 49048779
4718, 49048779
4574, 49048779
4752, 49048779
4759, 49048779
4757, 49048779
4499, 49048779
4721, 49048779
4704, 49048779
4627, 49048779
4588, 49048779
4542, 49048779
4709, 49048779
4585, 49048779
4678, 49048779
4669, 49048779
4721, 49048779
4704, 49048779
4627, 49048779
4588, 49048779
4542, 49048779
4709, 49048779
4585, 49048779
4678, 49048779
4669, 49048779
4570, 49048779
4732, 49048779
4685, 49048779
4661, 49048779
4576, 49048779
4598, 49048779
4560, 49048779
4676, 49048779
4529, 49048779
4570, 49048779
4732, 49048779
4685, 49048779
4661, 49048779
4576, 49048779
4598, 49048779
4560, 49048779
4676, 49048779
4529, 49048779
4667, 49048779
4694, 49048779
4517, 49048779
4689, 49048779
4689, 49048779
4727, 49048779
4614, 49048779
4705, 49048779
4707, 49048779
4667, 49048779
4694, 49048779
4517, 49048779
4689, 49048779
4689, 49048779
4727, 49048779
4614, 49048779
4705, 49048779
4707, 49048779
4534, 49048779
4671, 49048779
4737, 49048779
4729, 49048779
4535, 49048779
4702, 49048779
4639, 49048779
4506, 49048779
4536, 49048779
4534, 49048779
4671, 49048779
4737, 49048779
4729, 49048779
4535, 49048779
4702, 49048779
4639, 49048779
4506, 49048779
4536, 49048779
