3962, 45632656
4031, 45632656
3956, 45632656
3955, 45632656
3911, 45632656
3979, 45632656
3942, 45632656
4001, 45632656
3950, 45632656
3962, 45632656
4031, 45632656
3956, 45632656
3955, 45632656
3911, 45632656
3979, 45632656
3942, 45632656
4001, 45632656
3950, 45632656
3943, 45632656
3964, 45632656
4022, 45632656
4013, 45632656
3947, 45632656
4011, 45632656
3979, 45632656
3948, 45632656
3893, 45632656
3943, 45632656
3964, 45632656
4022, 45632656
4013, 45632656
3947, 45632656
4011, 45632656
3979, 45632656
3948, 45632656
3893, 45632656
3983, 45632656
4020, 45632656
3937, 45632656
4006, 45632656
4017, 45632656
4008, 45632656
3924, 45632656
3993, 45632656
4007, 45632656
3983, 45632656
4020, 45632656
3937, 45632656
4006, 45632656
4017, 45632656
4008, 45632656
3924, 45632656
3993, 45632656
4007, 45632656
3958, 45632656
3989, 45632656
3973, 45632656
3958, 45632656
3937, 45632656
3964, 45632656
3954, 45632656
3927, 45632656
3835, 45632656
3958, 45632656
3989, 45632656
3973, 45632656
3958, 45632656
3937, 45632656
3964, 45632656
3954, 45632656
3927, 45632656
3835, 45632656
3987, 45632656
3988, 45632656
3965, 45632656
3960, 45632656
3982, 45632656
3996, 45632656
3949, 45632656
4006, 45632656
3968, 45632656
3987, 45632656
3988, 45632656
3965, 45632656
3960, 45632656
3982, 45632656
3996, 45632656
3949, 45632656
4006, 45632656
3968, 45632656
3987, 45632656
4023, 45632656
4074, 45632656
3989, 45632656
3977, 45632656
3977, 45632656
3990, 45632656
3941, 45632656
3897, 45632656
3987, 45632656
4023, 45632656
4074, 45632656
3989, 45632656
3977, 45632656
3977, 45632656
3990, 45632656
3941, 45632656
3897, 45632656
