4748, 77309952
4528, 77309952
4728, 77309952
4803, 77309952
4570, 77309952
4634, 77309952
4726, 77309952
4710, 77309952
4598, 77309952
4748, 77309952
4528, 77309952
4728, 77309952
4803, 77309952
4570, 77309952
4634, 77309952
4726, 77309952
4710, 77309952
4598, 77309952
4743, 77309952
4760, 77309952
4781, 77309952
4616, 77309952
4785, 77309952
4802, 77309952
4815, 77309952
4653, 77309952
4675, 77309952
4743, 77309952
4760, 77309952
4781, 77309952
4616, 77309952
4785, 77309952
4802, 77309952
4815, 77309952
4653, 77309952
4675, 77309952
4651, 77309952
4660, 77309952
4848, 77309952
4721, 77309952
4752, 77309952
4626, 77309952
4752, 77309952
4778, 77309952
4711, 77309952
4651, 77309952
4660, 77309952
4848, 77309952
4721, 77309952
4752, 77309952
4626, 77309952
4752, 77309952
4778, 77309952
4711, 77309952
4621, 77309952
4717, 77309952
4745, 77309952
4628, 77309952
4743, 77309952
4676, 77309952
4811, 77309952
4663, 77309952
4763, 77309952
4621, 77309952
4717, 77309952
4745, 77309952
4628, 77309952
4743, 77309952
4676, 77309952
4811, 77309952
4663, 77309952
4763, 77309952
4806, 77309952
4684, 77309952
4759, 77309952
4663, 77309952
4784, 77309952
4686, 77309952
4786, 77309952
4778, 77309952
4712, 77309952
4806, 77309952
4684, 77309952
4759, 77309952
4663, 77309952
4784, 77309952
4686, 77309952
4786, 77309952
4778, 77309952
4712, 77309952
4757, 77309952
4746, 77309952
4716, 77309952
4560, 77309952
4784, 77309952
4763, 77309952
4803, 77309952
4664, 77309952
4637, 77309952
4757, 77309952
4746, 77309952
4716, 77309952
4560, 77309952
4784, 77309952
4763, 77309952
4803, 77309952
4664, 77309952
4637, 77309952
