4932, 77309952
4829, 77309952
4850, 77309952
4874, 77309952
4687, 77309952
4631, 77309952
4771, 77309952
4806, 77309952
4905, 77309952
4932, 77309952
4829, 77309952
4850, 77309952
4874, 77309952
4687, 77309952
4631, 77309952
4771, 77309952
4806, 77309952
4905, 77309952
4753, 48655083
4778, 48655083
4792, 48655083
4703, 48655083
4603, 48655083
4839, 48655083
4877, 48655083
4774, 48655083
4785, 48655083
4753, 48655083
4778, 48655083
4792, 48655083
4703, 48655083
4603, 48655083
4839, 48655083
4877, 48655083
4774, 48655083
4785, 48655083
4542, 48655083
4681, 48655083
4805, 48655083
4818, 48655083
4864, 48655083
4660, 48655083
4796, 48655083
4765, 48655083
4770, 48655083
4542, 48655083
4681, 48655083
4805, 48655083
4818, 48655083
4864, 48655083
4660, 48655083
4796, 48655083
4765, 48655083
4770, 48655083
4790, 48655083
4725, 48655083
4819, 48655083
4727, 48655083
4797, 48655083
4875, 48655083
4789, 48655083
4584, 48655083
4780, 48655083
4790, 48655083
4725, 48655083
4819, 48655083
4727, 48655083
4797, 48655083
4875, 48655083
4789, 48655083
4584, 48655083
4780, 48655083
4832, 48655083
4727, 48655083
4637, 48655083
4855, 48655083
4771, 48655083
4758, 48655083
4837, 48655083
4684, 48655083
4747, 48655083
4832, 48655083
4727, 48655083
4637, 48655083
4855, 48655083
4771, 48655083
4758, 48655083
4837, 48655083
4684, 48655083
4747, 48655083
4701, 48655083
4837, 48655083
4846, 48655083
4745, 48655083
4763, 48655083
4797, 48655083
4803, 48655083
4671, 48655083
4793, 48655083
4701, 48655083
4837, 48655083
4846, 48655083
4745, 48655083
4763, 48655083
4797, 48655083
4803, 48655083
4671, 48655083
4793, 48655083
