4795, 77309952
4819, 77309952
4838, 77309952
4837, 77309952
4824, 77309952
4698, 77309952
4992, 77309952
4874, 77309952
4856, 77309952
4795, 77309952
4819, 77309952
4838, 77309952
4837, 77309952
4824, 77309952
4698, 77309952
4992, 77309952
4874, 77309952
4856, 77309952
4905, 77309952
4795, 77309952
4839, 77309952
4727, 77309952
4887, 77309952
4859, 77309952
4948, 77309952
4747, 77309952
4921, 77309952
4905, 77309952
4795, 77309952
4839, 77309952
4727, 77309952
4887, 77309952
4859, 77309952
4948, 77309952
4747, 77309952
4921, 77309952
4614, 77309952
4680, 77309952
4851, 77309952
4786, 77309952
4881, 77309952
4685, 77309952
4878, 77309952
4912, 77309952
4964, 77309952
4614, 77309952
4680, 77309952
4851, 77309952
4786, 77309952
4881, 77309952
4685, 77309952
4878, 77309952
4912, 77309952
4964, 77309952
4966, 77309952
4906, 77309952
4807, 77309952
4611, 77309952
4814, 77309952
4944, 77309952
4957, 77309952
4730, 77309952
4742, 77309952
4966, 77309952
4906, 77309952
4807, 77309952
4611, 77309952
4814, 77309952
4944, 77309952
4957, 77309952
4730, 77309952
4742, 77309952
4836, 77309952
4669, 77309952
4920, 77309952
4950, 77309952
4857, 77309952
4720, 77309952
4914, 77309952
4907, 77309952
4982, 77309952
4836, 77309952
4669, 77309952
4920, 77309952
4950, 77309952
4857, 77309952
4720, 77309952
4914, 77309952
4907, 77309952
4982, 77309952
4839, 77309952
4965, 77309952
4930, 77309952
4760, 77309952
4943, 77309952
4909, 77309952
4883, 77309952
4780, 77309952
4904, 77309952
4839, 77309952
4965, 77309952
4930, 77309952
4760, 77309952
4943, 77309952
4909, 77309952
4883, 77309952
4780, 77309952
4904, 77309952
