4426, 45632656
4205, 45632656
4441, 45632656
4448, 45632656
4435, 45632656
4320, 45632656
4458, 45632656
4421, 45632656
4476, 45632656
4426, 45632656
4205, 45632656
4441, 45632656
4448, 45632656
4435, 45632656
4320, 45632656
4458, 45632656
4421, 45632656
4476, 45632656
4415, 45632656
4434, 45632656
4446, 45632656
4347, 45632656
4309, 45632656
4443, 45632656
4457, 45632656
4322, 45632656
4339, 45632656
4415, 45632656
4434, 45632656
4446, 45632656
4347, 45632656
4309, 45632656
4443, 45632656
4457, 45632656
4322, 45632656
4339, 45632656
4185, 45632656
4296, 45632656
4361, 45632656
4365, 45632656
4294, 45632656
4209, 45632656
4376, 45632656
4374, 45632656
4467, 45632656
4185, 45632656
4296, 45632656
4361, 45632656
4365, 45632656
4294, 45632656
4209, 45632656
4376, 45632656
4374, 45632656
4467, 45632656
4329, 45632656
4348, 45632656
4401, 45632656
4313, 45632656
4385, 45632656
4246, 45632656
4303, 45632656
4321, 45632656
4444, 45632656
4329, 45632656
4348, 45632656
4401, 45632656
4313, 45632656
4385, 45632656
4246, 45632656
4303, 45632656
4321, 45632656
4444, 45632656
4419, 45632656
4243, 45632656
4307, 45632656
4295, 45632656
4235, 45632656
4209, 45632656
4412, 45632656
4343, 45632656
4398, 45632656
4419, 45632656
4243, 45632656
4307, 45632656
4295, 45632656
4235, 45632656
4209, 45632656
4412, 45632656
4343, 45632656
4398, 45632656
4433, 45632656
4391, 45632656
4364, 45632656
4263, 45632656
4434, 45632656
4410, 45632656
4441, 45632656
4321, 45632656
4467, 45632656
4433, 45632656
4391, 45632656
4364, 45632656
4263, 45632656
4434, 45632656
4410, 45632656
4441, 45632656
4321, 45632656
4467, 45632656
