3681, 77309952
3751, 77309952
3747, 77309952
3679, 77309952
3717, 77309952
3742, 77309952
3615, 77309952
3700, 77309952
3677, 77309952
3681, 77309952
3751, 77309952
3747, 77309952
3679, 77309952
3717, 77309952
3742, 77309952
3615, 77309952
3700, 77309952
3677, 77309952
2495, 48930819
2443, 48930819
2421, 48930819
2433, 48930819
2445, 48930819
2459, 48930819
2446, 48930819
2473, 48930819
2438, 48930819
2495, 48930819
2443, 48930819
2421, 48930819
2433, 48930819
2445, 48930819
2459, 48930819
2446, 48930819
2473, 48930819
2438, 48930819
2471, 48930819
2461, 48930819
2472, 48930819
2457, 48930819
2448, 48930819
2465, 48930819
2441, 48930819
2475, 48930819
2445, 48930819
2471, 48930819
2461, 48930819
2472, 48930819
2457, 48930819
2448, 48930819
2465, 48930819
2441, 48930819
2475, 48930819
2445, 48930819
2480, 48930819
2459, 48930819
2458, 48930819
2460, 48930819
2450, 48930819
2438, 48930819
2437, 48930819
2465, 48930819
2458, 48930819
2480, 48930819
2459, 48930819
2458, 48930819
2460, 48930819
2450, 48930819
2438, 48930819
2437, 48930819
2465, 48930819
2458, 48930819
2466, 49061883
2420, 49061883
2432, 49061883
2458, 49061883
2450, 49061883
2456, 49061883
2390, 49061883
2449, 49061883
2440, 49061883
2466, 49061883
2420, 49061883
2432, 49061883
2458, 49061883
2450, 49061883
2456, 49061883
2390, 49061883
2449, 49061883
2440, 49061883
2468, 49061883
2458, 49061883
2435, 49061883
2448, 49061883
2418, 49061883
2425, 49061883
2434, 49061883
2433, 49061883
2460, 49061883
2468, 49061883
2458, 49061883
2435, 49061883
2448, 49061883
2418, 49061883
2425, 49061883
2434, 49061883
2433, 49061883
2460, 49061883
