3668, 77309952
3769, 77309952
3708, 77309952
3733, 77309952
3726, 77309952
3734, 77309952
3686, 77309952
3751, 77309952
3768, 77309952
3668, 77309952
3769, 77309952
3708, 77309952
3733, 77309952
3726, 77309952
3734, 77309952
3686, 77309952
3751, 77309952
3768, 77309952
3670, 77309952
3725, 77309952
3734, 77309952
3767, 77309952
3657, 77309952
3742, 77309952
3648, 77309952
3722, 77309952
3691, 77309952
3670, 77309952
3725, 77309952
3734, 77309952
3767, 77309952
3657, 77309952
3742, 77309952
3648, 77309952
3722, 77309952
3691, 77309952
3729, 77309952
3752, 77309952
3705, 77309952
3731, 77309952
3759, 77309952
3730, 77309952
3683, 77309952
3720, 77309952
3721, 77309952
3729, 77309952
3752, 77309952
3705, 77309952
3731, 77309952
3759, 77309952
3730, 77309952
3683, 77309952
3720, 77309952
3721, 77309952
3687, 77309952
3756, 77309952
3726, 77309952
3716, 77309952
3703, 77309952
3734, 77309952
3710, 77309952
3740, 77309952
3641, 77309952
3687, 77309952
3756, 77309952
3726, 77309952
3716, 77309952
3703, 77309952
3734, 77309952
3710, 77309952
3740, 77309952
3641, 77309952
3757, 77309952
3605, 77309952
3659, 77309952
3720, 77309952
3710, 77309952
3713, 77309952
3561, 77309952
3690, 77309952
3701, 77309952
3757, 77309952
3605, 77309952
3659, 77309952
3720, 77309952
3710, 77309952
3713, 77309952
3561, 77309952
3690, 77309952
3701, 77309952
3650, 77309952
3700, 77309952
3745, 77309952
3621, 77309952
3611, 77309952
3741, 77309952
3671, 77309952
3746, 77309952
3688, 77309952
3650, 77309952
3700, 77309952
3745, 77309952
3621, 77309952
3611, 77309952
3741, 77309952
3671, 77309952
3746, 77309952
3688, 77309952
