1959, 45632656
1997, 45632656
1984, 45632656
2001, 45632656
1988, 45632656
1964, 45632656
2005, 45632656
1989, 45632656
1970, 45632656
1959, 45632656
1997, 45632656
1984, 45632656
2001, 45632656
1988, 45632656
1964, 45632656
2005, 45632656
1989, 45632656
1970, 45632656
2001, 45632656
1998, 45632656
1988, 45632656
2011, 45632656
1987, 45632656
1982, 45632656
2006, 45632656
1993, 45632656
2001, 45632656
2001, 45632656
1998, 45632656
1988, 45632656
2011, 45632656
1987, 45632656
1982, 45632656
2006, 45632656
1993, 45632656
2001, 45632656
1991, 45632656
2008, 45632656
1989, 45632656
2007, 45632656
2001, 45632656
2004, 45632656
2007, 45632656
1994, 45632656
1996, 45632656
1991, 45632656
2008, 45632656
1989, 45632656
2007, 45632656
2001, 45632656
2004, 45632656
2007, 45632656
1994, 45632656
1996, 45632656
1991, 45632656
1994, 45632656
1995, 45632656
1993, 45632656
2003, 45632656
1977, 45632656
2029, 45632656
1996, 45632656
1987, 45632656
1991, 45632656
1994, 45632656
1995, 45632656
1993, 45632656
2003, 45632656
1977, 45632656
2029, 45632656
1996, 45632656
1987, 45632656
1991, 45632656
1953, 45632656
1994, 45632656
2000, 45632656
1983, 45632656
1970, 45632656
2023, 45632656
1997, 45632656
1994, 45632656
1991, 45632656
1953, 45632656
1994, 45632656
2000, 45632656
1983, 45632656
1970, 45632656
2023, 45632656
1997, 45632656
1994, 45632656
2011, 45632656
2008, 45632656
2002, 45632656
1984, 45632656
1996, 45632656
1995, 45632656
1993, 45632656
1994, 45632656
1962, 45632656
2011, 45632656
2008, 45632656
2002, 45632656
1984, 45632656
1996, 45632656
1995, 45632656
1993, 45632656
1994, 45632656
1962, 45632656
