4921, 77309952
4807, 77309952
4759, 77309952
4864, 77309952
4746, 77309952
4746, 77309952
4818, 77309952
4824, 77309952
4849, 77309952
4921, 77309952
4807, 77309952
4759, 77309952
4864, 77309952
4746, 77309952
4746, 77309952
4818, 77309952
4824, 77309952
4849, 77309952
4731, 48655083
4843, 48655083
4685, 48655083
4602, 48655083
4800, 48655083
4835, 48655083
4856, 48655083
4782, 48655083
4607, 48655083
4731, 48655083
4843, 48655083
4685, 48655083
4602, 48655083
4800, 48655083
4835, 48655083
4856, 48655083
4782, 48655083
4607, 48655083
4858, 48655083
4650, 48655083
4827, 48655083
4803, 48655083
4693, 48655083
4634, 48655083
4756, 48655083
4755, 48655083
4738, 48655083
4858, 48655083
4650, 48655083
4827, 48655083
4803, 48655083
4693, 48655083
4634, 48655083
4756, 48655083
4755, 48655083
4738, 48655083
4728, 48655083
4706, 48655083
4747, 48655083
4512, 48655083
4795, 48655083
4858, 48655083
4863, 48655083
4657, 48655083
4670, 48655083
4728, 48655083
4706, 48655083
4747, 48655083
4512, 48655083
4795, 48655083
4858, 48655083
4863, 48655083
4657, 48655083
4670, 48655083
4888, 48655083
4766, 48655083
4734, 48655083
4874, 48655083
4836, 48655083
4536, 48655083
4774, 48655083
4725, 48655083
4779, 48655083
4888, 48655083
4766, 48655083
4734, 48655083
4874, 48655083
4836, 48655083
4536, 48655083
4774, 48655083
4725, 48655083
4779, 48655083
4689, 48655083
4727, 48655083
4884, 48655083
4701, 48655083
4807, 48655083
4835, 48655083
4837, 48655083
4725, 48655083
4798, 48655083
4689, 48655083
4727, 48655083
4884, 48655083
4701, 48655083
4807, 48655083
4835, 48655083
4837, 48655083
4725, 48655083
4798, 48655083
