4888, 77309952
4635, 77309952
4872, 77309952
4868, 77309952
4910, 77309952
4705, 77309952
4916, 77309952
4895, 77309952
4897, 77309952
4888, 77309952
4635, 77309952
4872, 77309952
4868, 77309952
4910, 77309952
4705, 77309952
4916, 77309952
4895, 77309952
4897, 77309952
4950, 77309952
4874, 77309952
4883, 77309952
4715, 77309952
4957, 77309952
4933, 77309952
4902, 77309952
4706, 77309952
4840, 77309952
4950, 77309952
4874, 77309952
4883, 77309952
4715, 77309952
4957, 77309952
4933, 77309952
4902, 77309952
4706, 77309952
4840, 77309952
4831, 77309952
4638, 77309952
4932, 77309952
4887, 77309952
4577, 77309952
4694, 77309952
4762, 77309952
4883, 77309952
4793, 77309952
4831, 77309952
4638, 77309952
4932, 77309952
4887, 77309952
4577, 77309952
4694, 77309952
4762, 77309952
4883, 77309952
4793, 77309952
4819, 77309952
4817, 77309952
4910, 77309952
4796, 77309952
4904, 77309952
4693, 77309952
4759, 77309952
4645, 77309952
4811, 77309952
4819, 77309952
4817, 77309952
4910, 77309952
4796, 77309952
4904, 77309952
4693, 77309952
4759, 77309952
4645, 77309952
4811, 77309952
4798, 77309952
4658, 77309952
4664, 77309952
4680, 77309952
4781, 77309952
4702, 77309952
4919, 77309952
4886, 77309952
4877, 77309952
4798, 77309952
4658, 77309952
4664, 77309952
4680, 77309952
4781, 77309952
4702, 77309952
4919, 77309952
4886, 77309952
4877, 77309952
4827, 77309952
4805, 77309952
4754, 77309952
4680, 77309952
4850, 77309952
4877, 77309952
4772, 77309952
4685, 77309952
4824, 77309952
4827, 77309952
4805, 77309952
4754, 77309952
4680, 77309952
4850, 77309952
4877, 77309952
4772, 77309952
4685, 77309952
4824, 77309952
