4393, 45632656
4286, 45632656
4386, 45632656
4406, 45632656
4442, 45632656
4336, 45632656
4387, 45632656
4401, 45632656
4333, 45632656
4393, 45632656
4286, 45632656
4386, 45632656
4406, 45632656
4442, 45632656
4336, 45632656
4387, 45632656
4401, 45632656
4333, 45632656
4378, 45632656
4391, 45632656
4302, 45632656
4319, 45632656
4308, 45632656
4391, 45632656
4419, 45632656
4274, 45632656
4351, 45632656
4378, 45632656
4391, 45632656
4302, 45632656
4319, 45632656
4308, 45632656
4391, 45632656
4419, 45632656
4274, 45632656
4351, 45632656
4386, 45632656
4360, 45632656
4420, 45632656
4433, 45632656
4232, 45632656
4231, 45632656
4435, 45632656
4371, 45632656
4375, 45632656
4386, 45632656
4360, 45632656
4420, 45632656
4433, 45632656
4232, 45632656
4231, 45632656
4435, 45632656
4371, 45632656
4375, 45632656
4361, 45632656
4403, 45632656
4397, 45632656
4295, 45632656
4364, 45632656
4353, 45632656
4359, 45632656
4329, 45632656
4315, 45632656
4361, 45632656
4403, 45632656
4397, 45632656
4295, 45632656
4364, 45632656
4353, 45632656
4359, 45632656
4329, 45632656
4315, 45632656
4432, 45632656
4236, 45632656
4450, 45632656
4381, 45632656
4414, 45632656
4321, 45632656
4430, 45632656
4352, 45632656
4364, 45632656
4432, 45632656
4236, 45632656
4450, 45632656
4381, 45632656
4414, 45632656
4321, 45632656
4430, 45632656
4352, 45632656
4364, 45632656
4413, 45632656
4443, 45632656
4447, 45632656
4336, 45632656
4467, 45632656
4452, 45632656
4410, 45632656
4302, 45632656
4322, 45632656
4413, 45632656
4443, 45632656
4447, 45632656
4336, 45632656
4467, 45632656
4452, 45632656
4410, 45632656
4302, 45632656
4322, 45632656
