4930, 77309952
4767, 77309952
4870, 77309952
4916, 77309952
4724, 77309952
4731, 77309952
4903, 77309952
4870, 77309952
4838, 77309952
4930, 77309952
4767, 77309952
4870, 77309952
4916, 77309952
4724, 77309952
4731, 77309952
4903, 77309952
4870, 77309952
4838, 77309952
4793, 48655083
4764, 48655083
4870, 48655083
4627, 48655083
4615, 48655083
4799, 48655083
4867, 48655083
4746, 48655083
4856, 48655083
4793, 48655083
4764, 48655083
4870, 48655083
4627, 48655083
4615, 48655083
4799, 48655083
4867, 48655083
4746, 48655083
4856, 48655083
4812, 48655083
4669, 48655083
4787, 48655083
4817, 48655083
4816, 48655083
4671, 48655083
4862, 48655083
4830, 48655083
4831, 48655083
4812, 48655083
4669, 48655083
4787, 48655083
4817, 48655083
4816, 48655083
4671, 48655083
4862, 48655083
4830, 48655083
4831, 48655083
4846, 48655083
4850, 48655083
4871, 48655083
4652, 48655083
4876, 48655083
4895, 48655083
4866, 48655083
4684, 48655083
4745, 48655083
4846, 48655083
4850, 48655083
4871, 48655083
4652, 48655083
4876, 48655083
4895, 48655083
4866, 48655083
4684, 48655083
4745, 48655083
4866, 48655083
4750, 48655083
4844, 48655083
4856, 48655083
4766, 48655083
4701, 48655083
4903, 48655083
4834, 48655083
4787, 48655083
4866, 48655083
4750, 48655083
4844, 48655083
4856, 48655083
4766, 48655083
4701, 48655083
4903, 48655083
4834, 48655083
4787, 48655083
4889, 48655083
4774, 48655083
4887, 48655083
4643, 48655083
4788, 48655083
4750, 48655083
4828, 48655083
4736, 48655083
4819, 48655083
4889, 48655083
4774, 48655083
4887, 48655083
4643, 48655083
4788, 48655083
4750, 48655083
4828, 48655083
4736, 48655083
4819, 48655083
