4789, 77309952
4737, 77309952
4881, 77309952
4942, 77309952
4625, 77309952
4706, 77309952
4867, 77309952
4805, 77309952
4903, 77309952
4789, 77309952
4737, 77309952
4881, 77309952
4942, 77309952
4625, 77309952
4706, 77309952
4867, 77309952
4805, 77309952
4903, 77309952
4724, 77309952
4770, 77309952
4866, 77309952
4647, 77309952
4704, 77309952
4798, 77309952
4834, 77309952
4709, 77309952
4813, 77309952
4724, 77309952
4770, 77309952
4866, 77309952
4647, 77309952
4704, 77309952
4798, 77309952
4834, 77309952
4709, 77309952
4813, 77309952
4829, 77309952
4778, 77309952
4880, 77309952
4895, 77309952
4786, 77309952
4642, 77309952
4777, 77309952
4889, 77309952
4852, 77309952
4829, 77309952
4778, 77309952
4880, 77309952
4895, 77309952
4786, 77309952
4642, 77309952
4777, 77309952
4889, 77309952
4852, 77309952
4830, 77309952
4694, 77309952
4820, 77309952
4707, 77309952
4767, 77309952
4766, 77309952
4854, 77309952
4614, 77309952
4637, 77309952
4830, 77309952
4694, 77309952
4820, 77309952
4707, 77309952
4767, 77309952
4766, 77309952
4854, 77309952
4614, 77309952
4637, 77309952
4671, 77309952
4641, 77309952
4823, 77309952
4749, 77309952
4880, 77309952
4786, 77309952
4864, 77309952
4857, 77309952
4930, 77309952
4671, 77309952
4641, 77309952
4823, 77309952
4749, 77309952
4880, 77309952
4786, 77309952
4864, 77309952
4857, 77309952
4930, 77309952
4853, 77309952
4783, 77309952
4789, 77309952
4744, 77309952
4760, 77309952
4857, 77309952
4856, 77309952
4702, 77309952
4823, 77309952
4853, 77309952
4783, 77309952
4789, 77309952
4744, 77309952
4760, 77309952
4857, 77309952
4856, 77309952
4702, 77309952
4823, 77309952
