4377, 45632656
4331, 45632656
4403, 45632656
4436, 45632656
4226, 45632656
4342, 45632656
4401, 45632656
4439, 45632656
4401, 45632656
4377, 45632656
4331, 45632656
4403, 45632656
4436, 45632656
4226, 45632656
4342, 45632656
4401, 45632656
4439, 45632656
4401, 45632656
4387, 45632656
4408, 45632656
4431, 45632656
4320, 45632656
4421, 45632656
4402, 45632656
4423, 45632656
4363, 45632656
4412, 45632656
4387, 45632656
4408, 45632656
4431, 45632656
4320, 45632656
4421, 45632656
4402, 45632656
4423, 45632656
4363, 45632656
4412, 45632656
4306, 45632656
4370, 45632656
4435, 45632656
4461, 45632656
4396, 45632656
4342, 45632656
4359, 45632656
4417, 45632656
4458, 45632656
4306, 45632656
4370, 45632656
4435, 45632656
4461, 45632656
4396, 45632656
4342, 45632656
4359, 45632656
4417, 45632656
4458, 45632656
4423, 45632656
4388, 45632656
4277, 45632656
4243, 45632656
4376, 45632656
4417, 45632656
4396, 45632656
4276, 45632656
4366, 45632656
4423, 45632656
4388, 45632656
4277, 45632656
4243, 45632656
4376, 45632656
4417, 45632656
4396, 45632656
4276, 45632656
4366, 45632656
4370, 45632656
4189, 45632656
4412, 45632656
4472, 45632656
4450, 45632656
4353, 45632656
4468, 45632656
4379, 45632656
4370, 45632656
4370, 45632656
4189, 45632656
4412, 45632656
4472, 45632656
4450, 45632656
4353, 45632656
4468, 45632656
4379, 45632656
4370, 45632656
4303, 45632656
4427, 45632656
4443, 45632656
4315, 45632656
4443, 45632656
4419, 45632656
4421, 45632656
4326, 45632656
4407, 45632656
4303, 45632656
4427, 45632656
4443, 45632656
4315, 45632656
4443, 45632656
4419, 45632656
4421, 45632656
4326, 45632656
4407, 45632656
