4788, 77309952
4762, 77309952
4797, 77309952
4877, 77309952
4699, 77309952
4792, 77309952
4777, 77309952
4874, 77309952
4879, 77309952
4788, 77309952
4762, 77309952
4797, 77309952
4877, 77309952
4699, 77309952
4792, 77309952
4777, 77309952
4874, 77309952
4879, 77309952
4681, 48655083
4792, 48655083
4769, 48655083
4841, 48655083
4655, 48655083
4894, 48655083
4894, 48655083
4865, 48655083
4796, 48655083
4681, 48655083
4792, 48655083
4769, 48655083
4841, 48655083
4655, 48655083
4894, 48655083
4894, 48655083
4865, 48655083
4796, 48655083
4868, 48655083
4820, 48655083
4805, 48655083
4855, 48655083
4890, 48655083
4858, 48655083
4654, 48655083
4644, 48655083
4884, 48655083
4868, 48655083
4820, 48655083
4805, 48655083
4855, 48655083
4890, 48655083
4858, 48655083
4654, 48655083
4644, 48655083
4884, 48655083
4808, 48655083
4914, 48655083
4734, 48655083
4747, 48655083
4865, 48655083
4812, 48655083
4801, 48655083
4776, 48655083
4755, 48655083
4808, 48655083
4914, 48655083
4734, 48655083
4747, 48655083
4865, 48655083
4812, 48655083
4801, 48655083
4776, 48655083
4755, 48655083
4879, 48655083
4832, 48655083
4813, 48655083
4935, 48655083
4869, 48655083
4890, 48655083
4769, 48655083
4725, 48655083
4880, 48655083
4879, 48655083
4832, 48655083
4813, 48655083
4935, 48655083
4869, 48655083
4890, 48655083
4769, 48655083
4725, 48655083
4880, 48655083
4722, 48655083
4856, 48655083
4898, 48655083
4835, 48655083
4761, 48655083
4855, 48655083
4691, 48655083
4787, 48655083
4784, 48655083
4722, 48655083
4856, 48655083
4898, 48655083
4835, 48655083
4761, 48655083
4855, 48655083
4691, 48655083
4787, 48655083
4784, 48655083
