4358, 45632656
4328, 45632656
4347, 45632656
4357, 45632656
4347, 45632656
4288, 45632656
4325, 45632656
4461, 45632656
4378, 45632656
4358, 45632656
4328, 45632656
4347, 45632656
4357, 45632656
4347, 45632656
4288, 45632656
4325, 45632656
4461, 45632656
4378, 45632656
4418, 45632656
4346, 45632656
4347, 45632656
4262, 45632656
4389, 45632656
4437, 45632656
4448, 45632656
4339, 45632656
4374, 45632656
4418, 45632656
4346, 45632656
4347, 45632656
4262, 45632656
4389, 45632656
4437, 45632656
4448, 45632656
4339, 45632656
4374, 45632656
4273, 45632656
4323, 45632656
4371, 45632656
4412, 45632656
4341, 45632656
4366, 45632656
4226, 45632656
4465, 45632656
4424, 45632656
4273, 45632656
4323, 45632656
4371, 45632656
4412, 45632656
4341, 45632656
4366, 45632656
4226, 45632656
4465, 45632656
4424, 45632656
4404, 45632656
4364, 45632656
4138, 45632656
4365, 45632656
4351, 45632656
4361, 45632656
4364, 45632656
4263, 45632656
4341, 45632656
4404, 45632656
4364, 45632656
4138, 45632656
4365, 45632656
4351, 45632656
4361, 45632656
4364, 45632656
4263, 45632656
4341, 45632656
4330, 45632656
4179, 45632656
4381, 45632656
4345, 45632656
4345, 45632656
4263, 45632656
4300, 45632656
4378, 45632656
4361, 45632656
4330, 45632656
4179, 45632656
4381, 45632656
4345, 45632656
4345, 45632656
4263, 45632656
4300, 45632656
4378, 45632656
4361, 45632656
4361, 45632656
4424, 45632656
4385, 45632656
4237, 45632656
4423, 45632656
4457, 45632656
4415, 45632656
4321, 45632656
4406, 45632656
4361, 45632656
4424, 45632656
4385, 45632656
4237, 45632656
4423, 45632656
4457, 45632656
4415, 45632656
4321, 45632656
4406, 45632656
