4810, 77309952
4760, 77309952
4892, 77309952
4775, 77309952
4779, 77309952
4577, 77309952
4680, 77309952
4786, 77309952
4817, 77309952
4810, 77309952
4760, 77309952
4892, 77309952
4775, 77309952
4779, 77309952
4577, 77309952
4680, 77309952
4786, 77309952
4817, 77309952
4679, 77309952
4846, 77309952
4872, 77309952
4716, 77309952
4757, 77309952
4798, 77309952
4818, 77309952
4668, 77309952
4902, 77309952
4679, 77309952
4846, 77309952
4872, 77309952
4716, 77309952
4757, 77309952
4798, 77309952
4818, 77309952
4668, 77309952
4902, 77309952
4852, 77309952
4822, 77309952
4791, 77309952
4766, 77309952
4944, 77309952
4711, 77309952
4837, 77309952
4932, 77309952
4807, 77309952
4852, 77309952
4822, 77309952
4791, 77309952
4766, 77309952
4944, 77309952
4711, 77309952
4837, 77309952
4932, 77309952
4807, 77309952
4833, 77309952
4736, 77309952
4636, 77309952
4758, 77309952
4807, 77309952
4751, 77309952
4868, 77309952
4724, 77309952
4815, 77309952
4833, 77309952
4736, 77309952
4636, 77309952
4758, 77309952
4807, 77309952
4751, 77309952
4868, 77309952
4724, 77309952
4815, 77309952
4793, 77309952
4587, 77309952
4751, 77309952
4802, 77309952
4801, 77309952
4695, 77309952
4817, 77309952
4805, 77309952
4861, 77309952
4793, 77309952
4587, 77309952
4751, 77309952
4802, 77309952
4801, 77309952
4695, 77309952
4817, 77309952
4805, 77309952
4861, 77309952
4753, 77309952
4850, 77309952
4843, 77309952
4684, 77309952
4767, 77309952
4853, 77309952
4938, 77309952
4786, 77309952
4879, 77309952
4753, 77309952
4850, 77309952
4843, 77309952
4684, 77309952
4767, 77309952
4853, 77309952
4938, 77309952
4786, 77309952
4879, 77309952
