3684, 77309952
3719, 77309952
3706, 77309952
3727, 77309952
3717, 77309952
3780, 77309952
3797, 77309952
3734, 77309952
3644, 77309952
3684, 77309952
3719, 77309952
3706, 77309952
3727, 77309952
3717, 77309952
3780, 77309952
3797, 77309952
3734, 77309952
3644, 77309952
2613, 49033179
2599, 49033179
2602, 49033179
2636, 49033179
2628, 49033179
2602, 49033179
2607, 49033179
2673, 49033179
2659, 49033179
2613, 49033179
2599, 49033179
2602, 49033179
2636, 49033179
2628, 49033179
2602, 49033179
2607, 49033179
2673, 49033179
2659, 49033179
2606, 49012707
2637, 49012707
2647, 49012707
2651, 49012707
2646, 49012707
2610, 49012707
2622, 49012707
2686, 49012707
2655, 49012707
2606, 49012707
2637, 49012707
2647, 49012707
2651, 49012707
2646, 49012707
2610, 49012707
2622, 49012707
2686, 49012707
2655, 49012707
2588, 49012707
2612, 49012707
2604, 49012707
2663, 49012707
2650, 49012707
2623, 49012707
2610, 49012707
2654, 49012707
2597, 49012707
2588, 49012707
2612, 49012707
2604, 49012707
2663, 49012707
2650, 49012707
2623, 49012707
2610, 49012707
2654, 49012707
2597, 49012707
2588, 49012707
2625, 49012707
2633, 49012707
2635, 49012707
2632, 49012707
2625, 49012707
2605, 49012707
2677, 49012707
2661, 49012707
2588, 49012707
2625, 49012707
2633, 49012707
2635, 49012707
2632, 49012707
2625, 49012707
2605, 49012707
2677, 49012707
2661, 49012707
2613, 49012707
2596, 49012707
2655, 49012707
2679, 49012707
2630, 49012707
2612, 49012707
2612, 49012707
2671, 49012707
2670, 49012707
2613, 49012707
2596, 49012707
2655, 49012707
2679, 49012707
2630, 49012707
2612, 49012707
2612, 49012707
2671, 49012707
2670, 49012707
