3730, 77309952
3743, 77309952
3719, 77309952
3678, 77309952
3744, 77309952
3699, 77309952
3734, 77309952
3653, 77309952
3751, 77309952
3730, 77309952
3743, 77309952
3719, 77309952
3678, 77309952
3744, 77309952
3699, 77309952
3734, 77309952
3653, 77309952
3751, 77309952
3720, 77309952
3664, 77309952
3722, 77309952
3730, 77309952
3726, 77309952
3673, 77309952
3693, 77309952
3711, 77309952
3732, 77309952
3720, 77309952
3664, 77309952
3722, 77309952
3730, 77309952
3726, 77309952
3673, 77309952
3693, 77309952
3711, 77309952
3732, 77309952
3736, 77309952
3748, 77309952
3723, 77309952
3649, 77309952
3709, 77309952
3701, 77309952
3621, 77309952
3665, 77309952
3722, 77309952
3736, 77309952
3748, 77309952
3723, 77309952
3649, 77309952
3709, 77309952
3701, 77309952
3621, 77309952
3665, 77309952
3722, 77309952
3730, 77309952
3657, 77309952
3702, 77309952
3720, 77309952
3734, 77309952
3656, 77309952
3735, 77309952
3679, 77309952
3641, 77309952
3730, 77309952
3657, 77309952
3702, 77309952
3720, 77309952
3734, 77309952
3656, 77309952
3735, 77309952
3679, 77309952
3641, 77309952
3684, 77309952
3730, 77309952
3718, 77309952
3682, 77309952
3751, 77309952
3709, 77309952
3736, 77309952
3701, 77309952
3737, 77309952
3684, 77309952
3730, 77309952
3718, 77309952
3682, 77309952
3751, 77309952
3709, 77309952
3736, 77309952
3701, 77309952
3737, 77309952
3743, 77309952
3629, 77309952
3671, 77309952
3738, 77309952
3730, 77309952
3701, 77309952
3760, 77309952
3770, 77309952
3719, 77309952
3743, 77309952
3629, 77309952
3671, 77309952
3738, 77309952
3730, 77309952
3701, 77309952
3760, 77309952
3770, 77309952
3719, 77309952
