2012, 45632656
2021, 45632656
2002, 45632656
1997, 45632656
2026, 45632656
1991, 45632656
2000, 45632656
1999, 45632656
2005, 45632656
2012, 45632656
2021, 45632656
2002, 45632656
1997, 45632656
2026, 45632656
1991, 45632656
2000, 45632656
1999, 45632656
2005, 45632656
2027, 45632656
2010, 45632656
1994, 45632656
2005, 45632656
2014, 45632656
1984, 45632656
1999, 45632656
1992, 45632656
2018, 45632656
2027, 45632656
2010, 45632656
1994, 45632656
2005, 45632656
2014, 45632656
1984, 45632656
1999, 45632656
1992, 45632656
2018, 45632656
2018, 45632656
1940, 45632656
1997, 45632656
2001, 45632656
2011, 45632656
1996, 45632656
2001, 45632656
1990, 45632656
2000, 45632656
2018, 45632656
1940, 45632656
1997, 45632656
2001, 45632656
2011, 45632656
1996, 45632656
2001, 45632656
1990, 45632656
2000, 45632656
2013, 45632656
2007, 45632656
1986, 45632656
1995, 45632656
1999, 45632656
1991, 45632656
2002, 45632656
1999, 45632656
1973, 45632656
2013, 45632656
2007, 45632656
1986, 45632656
1995, 45632656
1999, 45632656
1991, 45632656
2002, 45632656
1999, 45632656
1973, 45632656
1986, 45632656
2017, 45632656
2000, 45632656
1966, 45632656
2021, 45632656
2002, 45632656
1998, 45632656
2003, 45632656
2000, 45632656
1986, 45632656
2017, 45632656
2000, 45632656
1966, 45632656
2021, 45632656
2002, 45632656
1998, 45632656
2003, 45632656
2000, 45632656
2014, 45632656
2012, 45632656
1998, 45632656
2001, 45632656
2021, 45632656
1987, 45632656
2005, 45632656
2024, 45632656
1973, 45632656
2014, 45632656
2012, 45632656
1998, 45632656
2001, 45632656
2021, 45632656
1987, 45632656
2005, 45632656
2024, 45632656
1973, 45632656
