4868, 77309952
4911, 77309952
4599, 77309952
4783, 77309952
4836, 77309952
4889, 77309952
4785, 77309952
4915, 77309952
4884, 77309952
4868, 77309952
4911, 77309952
4599, 77309952
4783, 77309952
4836, 77309952
4889, 77309952
4785, 77309952
4915, 77309952
4884, 77309952
4646, 48946419
4823, 48946419
4870, 48946419
4843, 48946419
4692, 48946419
4762, 48946419
4829, 48946419
4823, 48946419
4634, 48946419
4646, 48946419
4823, 48946419
4870, 48946419
4843, 48946419
4692, 48946419
4762, 48946419
4829, 48946419
4823, 48946419
4634, 48946419
4662, 48966891
4591, 48966891
4574, 48966891
4758, 48966891
4766, 48966891
4815, 48966891
4674, 48966891
4793, 48966891
4708, 48966891
4662, 48966891
4591, 48966891
4574, 48966891
4758, 48966891
4766, 48966891
4815, 48966891
4674, 48966891
4793, 48966891
4708, 48966891
4600, 48966891
4736, 48966891
4756, 48966891
4789, 48966891
4660, 48966891
4590, 48966891
4729, 48966891
4728, 48966891
4655, 48966891
4600, 48966891
4736, 48966891
4756, 48966891
4789, 48966891
4660, 48966891
4590, 48966891
4729, 48966891
4728, 48966891
4655, 48966891
4654, 48966891
4651, 48966891
4661, 48966891
4761, 48966891
4812, 48966891
4786, 48966891
4671, 48966891
4861, 48966891
4756, 48966891
4654, 48966891
4651, 48966891
4661, 48966891
4761, 48966891
4812, 48966891
4786, 48966891
4671, 48966891
4861, 48966891
4756, 48966891
4618, 48966891
4707, 48966891
4843, 48966891
4865, 48966891
4641, 48966891
4826, 48966891
4807, 48966891
4637, 48966891
4695, 48966891
4618, 48966891
4707, 48966891
4843, 48966891
4865, 48966891
4641, 48966891
4826, 48966891
4807, 48966891
4637, 48966891
4695, 48966891
