4236, 45632656
4215, 45632656
4238, 45632656
4346, 45632656
4328, 45632656
4288, 45632656
4217, 45632656
4299, 45632656
4232, 45632656
4236, 45632656
4215, 45632656
4238, 45632656
4346, 45632656
4328, 45632656
4288, 45632656
4217, 45632656
4299, 45632656
4232, 45632656
4212, 45632656
4311, 45632656
4298, 45632656
4243, 45632656
4261, 45632656
4294, 45632656
4302, 45632656
4272, 45632656
4317, 45632656
4212, 45632656
4311, 45632656
4298, 45632656
4243, 45632656
4261, 45632656
4294, 45632656
4302, 45632656
4272, 45632656
4317, 45632656
4289, 45632656
4262, 45632656
4257, 45632656
4339, 45632656
4270, 45632656
4267, 45632656
4286, 45632656
4344, 45632656
4335, 45632656
4289, 45632656
4262, 45632656
4257, 45632656
4339, 45632656
4270, 45632656
4267, 45632656
4286, 45632656
4344, 45632656
4335, 45632656
4192, 45632656
4293, 45632656
4334, 45632656
4284, 45632656
4257, 45632656
4281, 45632656
4263, 45632656
4239, 45632656
4158, 45632656
4192, 45632656
4293, 45632656
4334, 45632656
4284, 45632656
4257, 45632656
4281, 45632656
4263, 45632656
4239, 45632656
4158, 45632656
4298, 45632656
4227, 45632656
4300, 45632656
4337, 45632656
4312, 45632656
4272, 45632656
4294, 45632656
4283, 45632656
4275, 45632656
4298, 45632656
4227, 45632656
4300, 45632656
4337, 45632656
4312, 45632656
4272, 45632656
4294, 45632656
4283, 45632656
4275, 45632656
4155, 45632656
4305, 45632656
4246, 45632656
4275, 45632656
4260, 45632656
4259, 45632656
4100, 45632656
4175, 45632656
4216, 45632656
4155, 45632656
4305, 45632656
4246, 45632656
4275, 45632656
4260, 45632656
4259, 45632656
4100, 45632656
4175, 45632656
4216, 45632656
