4774, 77309952
4696, 77309952
4806, 77309952
4746, 77309952
4855, 77309952
4549, 77309952
4770, 77309952
4730, 77309952
4791, 77309952
4774, 77309952
4696, 77309952
4806, 77309952
4746, 77309952
4855, 77309952
4549, 77309952
4770, 77309952
4730, 77309952
4791, 77309952
4661, 77309952
4736, 77309952
4769, 77309952
4723, 77309952
4815, 77309952
4836, 77309952
4854, 77309952
4699, 77309952
4865, 77309952
4661, 77309952
4736, 77309952
4769, 77309952
4723, 77309952
4815, 77309952
4836, 77309952
4854, 77309952
4699, 77309952
4865, 77309952
4803, 77309952
4728, 77309952
4850, 77309952
4923, 77309952
4858, 77309952
4689, 77309952
4926, 77309952
4901, 77309952
4814, 77309952
4803, 77309952
4728, 77309952
4850, 77309952
4923, 77309952
4858, 77309952
4689, 77309952
4926, 77309952
4901, 77309952
4814, 77309952
4739, 77309952
4816, 77309952
4747, 77309952
4603, 77309952
4681, 77309952
4849, 77309952
4905, 77309952
4683, 77309952
4936, 77309952
4739, 77309952
4816, 77309952
4747, 77309952
4603, 77309952
4681, 77309952
4849, 77309952
4905, 77309952
4683, 77309952
4936, 77309952
4658, 77309952
4733, 77309952
4753, 77309952
4816, 77309952
4892, 77309952
4666, 77309952
4898, 77309952
4812, 77309952
4891, 77309952
4658, 77309952
4733, 77309952
4753, 77309952
4816, 77309952
4892, 77309952
4666, 77309952
4898, 77309952
4812, 77309952
4891, 77309952
4862, 77309952
4906, 77309952
4876, 77309952
4639, 77309952
4874, 77309952
4890, 77309952
4590, 77309952
4676, 77309952
4850, 77309952
4862, 77309952
4906, 77309952
4876, 77309952
4639, 77309952
4874, 77309952
4890, 77309952
4590, 77309952
4676, 77309952
4850, 77309952
