4778, 77309952
4672, 77309952
4571, 77309952
4677, 77309952
4618, 77309952
4735, 77309952
4510, 77309952
4684, 77309952
4747, 77309952
4778, 77309952
4672, 77309952
4571, 77309952
4677, 77309952
4618, 77309952
4735, 77309952
4510, 77309952
4684, 77309952
4747, 77309952
4591, 49007835
4865, 49007835
4773, 49007835
4835, 49007835
4506, 49007835
4736, 49007835
4700, 49007835
4757, 49007835
4579, 49007835
4591, 49007835
4865, 49007835
4773, 49007835
4835, 49007835
4506, 49007835
4736, 49007835
4700, 49007835
4757, 49007835
4579, 49007835
4589, 49007835
4567, 49007835
4636, 49007835
4767, 49007835
4710, 49007835
4692, 49007835
4599, 49007835
4813, 49007835
4741, 49007835
4589, 49007835
4567, 49007835
4636, 49007835
4767, 49007835
4710, 49007835
4692, 49007835
4599, 49007835
4813, 49007835
4741, 49007835
4629, 49007835
4658, 49007835
4668, 49007835
4704, 49007835
4580, 49007835
4683, 49007835
4702, 49007835
4824, 49007835
4651, 49007835
4629, 49007835
4658, 49007835
4668, 49007835
4704, 49007835
4580, 49007835
4683, 49007835
4702, 49007835
4824, 49007835
4651, 49007835
4741, 49007835
4704, 49007835
4568, 49007835
4771, 49007835
4709, 49007835
4688, 49007835
4495, 49007835
4815, 49007835
4784, 49007835
4741, 49007835
4704, 49007835
4568, 49007835
4771, 49007835
4709, 49007835
4688, 49007835
4495, 49007835
4815, 49007835
4784, 49007835
4647, 49007835
4770, 49007835
4769, 49007835
4826, 49007835
4664, 49007835
4637, 49007835
4666, 49007835
4760, 49007835
4634, 49007835
4647, 49007835
4770, 49007835
4769, 49007835
4826, 49007835
4664, 49007835
4637, 49007835
4666, 49007835
4760, 49007835
4634, 49007835
