4070, 45632656
4091, 45632656
4099, 45632656
4183, 45632656
4091, 45632656
4145, 45632656
4035, 45632656
4038, 45632656
3999, 45632656
4070, 45632656
4091, 45632656
4099, 45632656
4183, 45632656
4091, 45632656
4145, 45632656
4035, 45632656
4038, 45632656
3999, 45632656
4125, 45632656
4171, 45632656
4146, 45632656
4104, 45632656
4095, 45632656
4191, 45632656
4202, 45632656
4137, 45632656
4070, 45632656
4125, 45632656
4171, 45632656
4146, 45632656
4104, 45632656
4095, 45632656
4191, 45632656
4202, 45632656
4137, 45632656
4070, 45632656
4092, 45632656
4158, 45632656
4146, 45632656
4188, 45632656
4137, 45632656
4158, 45632656
4086, 45632656
4181, 45632656
4153, 45632656
4092, 45632656
4158, 45632656
4146, 45632656
4188, 45632656
4137, 45632656
4158, 45632656
4086, 45632656
4181, 45632656
4153, 45632656
4083, 45632656
4133, 45632656
4048, 45632656
4163, 45632656
4077, 45632656
4133, 45632656
4157, 45632656
4065, 45632656
4062, 45632656
4083, 45632656
4133, 45632656
4048, 45632656
4163, 45632656
4077, 45632656
4133, 45632656
4157, 45632656
4065, 45632656
4062, 45632656
4203, 45632656
4124, 45632656
4123, 45632656
4166, 45632656
4148, 45632656
4142, 45632656
4099, 45632656
4147, 45632656
4127, 45632656
4203, 45632656
4124, 45632656
4123, 45632656
4166, 45632656
4148, 45632656
4142, 45632656
4099, 45632656
4147, 45632656
4127, 45632656
4087, 45632656
4181, 45632656
4143, 45632656
4057, 45632656
4073, 45632656
4183, 45632656
4094, 45632656
4141, 45632656
4085, 45632656
4087, 45632656
4181, 45632656
4143, 45632656
4057, 45632656
4073, 45632656
4183, 45632656
4094, 45632656
4141, 45632656
4085, 45632656
