4667, 77309952
4688, 77309952
4872, 77309952
4869, 77309952
4846, 77309952
4673, 77309952
4818, 77309952
4871, 77309952
4823, 77309952
4667, 77309952
4688, 77309952
4872, 77309952
4869, 77309952
4846, 77309952
4673, 77309952
4818, 77309952
4871, 77309952
4823, 77309952
4801, 77309952
4822, 77309952
4664, 77309952
4655, 77309952
4651, 77309952
4886, 77309952
4838, 77309952
4701, 77309952
4690, 77309952
4801, 77309952
4822, 77309952
4664, 77309952
4655, 77309952
4651, 77309952
4886, 77309952
4838, 77309952
4701, 77309952
4690, 77309952
4805, 77309952
4703, 77309952
4660, 77309952
4780, 77309952
4764, 77309952
4707, 77309952
4813, 77309952
4753, 77309952
4746, 77309952
4805, 77309952
4703, 77309952
4660, 77309952
4780, 77309952
4764, 77309952
4707, 77309952
4813, 77309952
4753, 77309952
4746, 77309952
4655, 77309952
4776, 77309952
4822, 77309952
4742, 77309952
4729, 77309952
4813, 77309952
4712, 77309952
4649, 77309952
4801, 77309952
4655, 77309952
4776, 77309952
4822, 77309952
4742, 77309952
4729, 77309952
4813, 77309952
4712, 77309952
4649, 77309952
4801, 77309952
4762, 77309952
4584, 77309952
4740, 77309952
4807, 77309952
4745, 77309952
4644, 77309952
4692, 77309952
4772, 77309952
4735, 77309952
4762, 77309952
4584, 77309952
4740, 77309952
4807, 77309952
4745, 77309952
4644, 77309952
4692, 77309952
4772, 77309952
4735, 77309952
4857, 77309952
4793, 77309952
4768, 77309952
4695, 77309952
4796, 77309952
4846, 77309952
4872, 77309952
4643, 77309952
4902, 77309952
4857, 77309952
4793, 77309952
4768, 77309952
4695, 77309952
4796, 77309952
4846, 77309952
4872, 77309952
4643, 77309952
4902, 77309952
