3772, 77309952
3784, 77309952
3760, 77309952
3709, 77309952
3713, 77309952
3764, 77309952
3687, 77309952
3791, 77309952
3778, 77309952
3772, 77309952
3784, 77309952
3760, 77309952
3709, 77309952
3713, 77309952
3764, 77309952
3687, 77309952
3791, 77309952
3778, 77309952
2854, 49033179
2857, 49033179
2857, 49033179
2836, 49033179
2826, 49033179
2852, 49033179
2828, 49033179
2847, 49033179
2906, 49033179
2854, 49033179
2857, 49033179
2857, 49033179
2836, 49033179
2826, 49033179
2852, 49033179
2828, 49033179
2847, 49033179
2906, 49033179
2838, 49033179
2892, 49033179
2862, 49033179
2814, 49033179
2836, 49033179
2808, 49033179
2809, 49033179
2815, 49033179
2921, 49033179
2838, 49033179
2892, 49033179
2862, 49033179
2814, 49033179
2836, 49033179
2808, 49033179
2809, 49033179
2815, 49033179
2921, 49033179
2843, 49033179
2882, 49033179
2829, 49033179
2722, 49033179
2826, 49033179
2837, 49033179
2829, 49033179
2827, 49033179
2892, 49033179
2843, 49033179
2882, 49033179
2829, 49033179
2722, 49033179
2826, 49033179
2837, 49033179
2829, 49033179
2827, 49033179
2892, 49033179
2850, 49033179
2876, 49033179
2827, 49033179
2821, 49033179
2847, 49033179
2820, 49033179
2787, 49033179
2804, 49033179
2857, 49033179
2850, 49033179
2876, 49033179
2827, 49033179
2821, 49033179
2847, 49033179
2820, 49033179
2787, 49033179
2804, 49033179
2857, 49033179
2806, 49033179
2867, 49033179
2837, 49033179
2804, 49033179
2807, 49033179
2833, 49033179
2828, 49033179
2790, 49033179
2825, 49033179
2806, 49033179
2867, 49033179
2837, 49033179
2804, 49033179
2807, 49033179
2833, 49033179
2828, 49033179
2790, 49033179
2825, 49033179
