3738, 77309952
3767, 77309952
3746, 77309952
3746, 77309952
3762, 77309952
3762, 77309952
3668, 77309952
3763, 77309952
3741, 77309952
3738, 77309952
3767, 77309952
3746, 77309952
3746, 77309952
3762, 77309952
3762, 77309952
3668, 77309952
3763, 77309952
3741, 77309952
3727, 77309952
3809, 77309952
3804, 77309952
3785, 77309952
3703, 77309952
3748, 77309952
3790, 77309952
3758, 77309952
3701, 77309952
3727, 77309952
3809, 77309952
3804, 77309952
3785, 77309952
3703, 77309952
3748, 77309952
3790, 77309952
3758, 77309952
3701, 77309952
3741, 77309952
3739, 77309952
3712, 77309952
3784, 77309952
3762, 77309952
3778, 77309952
3676, 77309952
3710, 77309952
3791, 77309952
3741, 77309952
3739, 77309952
3712, 77309952
3784, 77309952
3762, 77309952
3778, 77309952
3676, 77309952
3710, 77309952
3791, 77309952
3735, 77309952
3802, 77309952
3759, 77309952
3655, 77309952
3697, 77309952
3771, 77309952
3778, 77309952
3757, 77309952
3730, 77309952
3735, 77309952
3802, 77309952
3759, 77309952
3655, 77309952
3697, 77309952
3771, 77309952
3778, 77309952
3757, 77309952
3730, 77309952
3782, 77309952
3801, 77309952
3768, 77309952
3738, 77309952
3746, 77309952
3758, 77309952
3731, 77309952
3730, 77309952
3804, 77309952
3782, 77309952
3801, 77309952
3768, 77309952
3738, 77309952
3746, 77309952
3758, 77309952
3731, 77309952
3730, 77309952
3804, 77309952
3708, 77309952
3748, 77309952
3771, 77309952
3701, 77309952
3697, 77309952
3722, 77309952
3777, 77309952
3767, 77309952
3729, 77309952
3708, 77309952
3748, 77309952
3771, 77309952
3701, 77309952
3697, 77309952
3722, 77309952
3777, 77309952
3767, 77309952
3729, 77309952
