2028, 45632656
2040, 45632656
2060, 45632656
2045, 45632656
2029, 45632656
2022, 45632656
2031, 45632656
2023, 45632656
2040, 45632656
2028, 45632656
2040, 45632656
2060, 45632656
2045, 45632656
2029, 45632656
2022, 45632656
2031, 45632656
2023, 45632656
2040, 45632656
2048, 45632656
2048, 45632656
2066, 45632656
2051, 45632656
2036, 45632656
2023, 45632656
2047, 45632656
2036, 45632656
2042, 45632656
2048, 45632656
2048, 45632656
2066, 45632656
2051, 45632656
2036, 45632656
2023, 45632656
2047, 45632656
2036, 45632656
2042, 45632656
2053, 45632656
2049, 45632656
2059, 45632656
2046, 45632656
2041, 45632656
2049, 45632656
2038, 45632656
2040, 45632656
2041, 45632656
2053, 45632656
2049, 45632656
2059, 45632656
2046, 45632656
2041, 45632656
2049, 45632656
2038, 45632656
2040, 45632656
2041, 45632656
2050, 45632656
2054, 45632656
2053, 45632656
2015, 45632656
2032, 45632656
2017, 45632656
2056, 45632656
2025, 45632656
2024, 45632656
2050, 45632656
2054, 45632656
2053, 45632656
2015, 45632656
2032, 45632656
2017, 45632656
2056, 45632656
2025, 45632656
2024, 45632656
2051, 45632656
2062, 45632656
2058, 45632656
2056, 45632656
2038, 45632656
2014, 45632656
2047, 45632656
2031, 45632656
2022, 45632656
2051, 45632656
2062, 45632656
2058, 45632656
2056, 45632656
2038, 45632656
2014, 45632656
2047, 45632656
2031, 45632656
2022, 45632656
2062, 45632656
2050, 45632656
2057, 45632656
2052, 45632656
2034, 45632656
2028, 45632656
2026, 45632656
2053, 45632656
2033, 45632656
2062, 45632656
2050, 45632656
2057, 45632656
2052, 45632656
2034, 45632656
2028, 45632656
2026, 45632656
2053, 45632656
2033, 45632656
