3353, 77309952
3368, 77309952
3393, 77309952
3380, 77309952
3380, 77309952
3405, 77309952
3366, 77309952
3335, 77309952
3380, 77309952
2335, 53860760
2605, 53860760
2606, 53860760
2587, 53860760
2582, 53860760
2598, 53860760
2582, 53860760
2604, 53860760
2577, 53860760
2547, 53860760
2570, 53860760
2604, 53860760
2565, 53860760
2591, 53860760
2591, 53860760
2581, 53860760
2600, 53860760
2582, 53860760
2544, 53860760
2574, 53860760
2630, 53860760
2568, 53860760
2591, 53860760
2612, 53860760
2586, 53860760
2606, 53860760
2604, 53860760
2535, 53860760
2568, 53860760
2596, 53860760
2432, 53860760
2563, 53860760
2592, 53860760
2465, 53860760
2603, 53860760
2569, 53860760
2543, 53860760
2559, 53860760
2598, 53860760
2571, 53860760
2593, 53860760
2605, 53860760
2608, 53860760
2628, 53860760
2591, 53860760
