3395, 77309952
3388, 77309952
3377, 77309952
3386, 77309952
3383, 77309952
3424, 77309952
3393, 77309952
3392, 77309952
3392, 77309952
3383, 77309952
3401, 77309952
3402, 77309952
3375, 77309952
3426, 77309952
3426, 77309952
3334, 77309952
3132, 77309952
3380, 77309952
3376, 77309952
3392, 77309952
3415, 77309952
3424, 77309952
3442, 77309952
3398, 77309952
3397, 77309952
3403, 77309952
3398, 77309952
3412, 77309952
3426, 77309952
3418, 77309952
3428, 77309952
3440, 77309952
3443, 77309952
3382, 77309952
3389, 77309952
3422, 77309952
3423, 77309952
3388, 77309952
3401, 77309952
3383, 77309952
3416, 77309952
3395, 77309952
3398, 77309952
3387, 77309952
3411, 77309952
3276, 77309952
3418, 77309952
3413, 77309952
3421, 77309952
3239, 77309952
3388, 77309952
3399, 77309952
3410, 77309952
3421, 77309952
