2181, 45970284 
2235, 45970284 
2253, 45970284 
2308, 45970284
2268, 45970284
2307, 45970284
2287, 45970284
2299, 45970284
2288, 45970284
2275, 45970284
2276, 45970284
2293, 45970284
2315, 45970284
2277, 45970284
2295, 45970284
2313, 45970284
2279, 45970284
2274, 45970284
2259, 45970284
2244, 45970284
2283, 45970284
2279, 45970284
2239, 45970284
2269, 45970284
2256, 45970284
2302, 45970284
2303, 45970284
2231, 45970284
2260, 45970284
2254, 45970284
2302, 45970284
2233, 45970284
2258, 45970284
2269, 45970284
2278, 45970284
2270, 45970284
2261, 45970284
2273, 45970284
2253, 45970284
2275, 45970284
2256, 45970284
2279, 45970284
2290, 45970284
2284, 45970284
2275, 45970284
2204, 45970284
2207, 45970284
2220, 45970284
2281, 45970284
2254, 45970284
2301, 45970284
1847, 45970284
2282, 45970284
2285, 45970284
