3369, 77309952
3345, 77309952
3399, 77309952
3384, 77309952
3397, 77309952
3381, 77309952
3405, 77309952
3390, 77309952
3394, 77309952
3405, 77309952
3389, 77309952
3404, 77309952
3411, 77309952
3395, 77309952
3405, 77309952
3358, 77309952
3427, 77309952
3389, 77309952
3392, 77309952
3427, 77309952
3389, 77309952
3399, 77309952
3389, 77309952
3387, 77309952
3402, 77309952
3426, 77309952
3382, 77309952
3379, 77309952
3409, 77309952
3411, 77309952
3333, 77309952
3355, 77309952
3387, 77309952
3398, 77309952
3387, 77309952
3373, 77309952
3379, 77309952
3362, 77309952
3354, 77309952
3393, 77309952
3382, 77309952
3374, 77309952
3389, 77309952
3357, 77309952
3372, 77309952
3363, 77309952
3390, 77309952
3362, 77309952
3337, 77309952
3387, 77309952
3404, 77309952
3357, 77309952
3368, 77309952
3363, 77309952
3347, 77309952
3360, 77309952
3349, 77309952
3372, 77309952
3396, 77309952
3302, 77309952
3328, 77309952
3356, 77309952
3387, 77309952
3395, 77309952
3378, 77309952
3357, 77309952
3367, 77309952
3393, 77309952
3383, 77309952
3341, 77309952
3352, 77309952
3366, 77309952
3337, 77309952
3335, 77309952
3373, 77309952
3343, 77309952
3341, 77309952
3347, 77309952
3398, 77309952
3364, 77309952
3341, 77309952
3371, 77309952
3390, 77309952
3390, 77309952
3329, 77309952
3334, 77309952
3372, 77309952
3367, 77309952
3316, 77309952
3332, 77309952
3327, 77309952
3333, 77309952
3334, 77309952
3353, 77309952
3361, 77309952
3327, 77309952
3363, 77309952
3340, 77309952
3362, 77309952
3351, 77309952
3385, 77309952
3341, 77309952
3376, 77309952
3340, 77309952
3330, 77309952
3295, 77309952
3348, 77309952
3353, 77309952
3399, 77309952
3348, 77309952
3323, 77309952
3343, 77309952
3362, 77309952
3402, 77309952
3391, 77309952
3356, 77309952
3323, 77309952
3341, 77309952
3333, 77309952
3340, 77309952
3379, 77309952
3370, 77309952
3387, 77309952
3366, 77309952
3310, 77309952
3386, 77309952
3354, 77309952
3347, 77309952
3305, 77309952
3345, 77309952
3362, 77309952
3382, 77309952
3375, 77309952
3311, 77309952
3349, 77309952
3329, 77309952
3302, 77309952
3364, 77309952
3402, 77309952
3335, 77309952
3343, 77309952
3395, 77309952
3399, 77309952
3379, 77309952
3268, 77309952
3307, 77309952
3364, 77309952
3341, 77309952
3358, 77309952
3312, 77309952
3329, 77309952
3351, 77309952
3341, 77309952
3343, 77309952
3328, 77309952
3295, 77309952
3376, 77309952
3338, 77309952
3366, 77309952
3252, 77309952
3345, 77309952
3312, 77309952
3290, 77309952
3332, 77309952
3371, 77309952
3356, 77309952
3341, 77309952
3392, 77309952
3355, 77309952
3363, 77309952
3365, 77309952
3348, 77309952
3368, 77309952
3354, 77309952
3358, 77309952
3323, 77309952
3332, 77309952
3331, 77309952
3359, 77309952
3365, 77309952
3337, 77309952
3335, 77309952
3347, 77309952
3374, 77309952
3360, 77309952
3383, 77309952
3369, 77309952
3311, 77309952
3294, 77309952
3297, 77309952
3321, 77309952
3326, 77309952
3315, 77309952
3381, 77309952
3352, 77309952
3341, 77309952
3381, 77309952
3348, 77309952
3340, 77309952
3317, 77309952
3369, 77309952
3346, 77309952
3345, 77309952
3363, 77309952
3357, 77309952
3340, 77309952
3311, 77309952
3368, 77309952
3373, 77309952
3335, 77309952
3345, 77309952
3304, 77309952
3360, 77309952
3306, 77309952
3375, 77309952
3304, 77309952
3292, 77309952
3334, 77309952
3264, 77309952
3323, 77309952
3339, 77309952
3312, 77309952
3326, 77309952
3323, 77309952
3357, 77309952
3337, 77309952
3362, 77309952
3358, 77309952
3347, 77309952
3359, 77309952
3351, 77309952
3372, 77309952
3362, 77309952
3334, 77309952
3322, 77309952
2953, 77309952
3247, 77309952
3322, 77309952
3383, 77309952
3351, 77309952
3338, 77309952
3366, 77309952
3362, 77309952
3365, 77309952
3352, 77309952
3321, 77309952
3371, 77309952
3370, 77309952
3370, 77309952
3307, 77309952
3313, 77309952
3359, 77309952
3366, 77309952
3372, 77309952
3355, 77309952
3302, 77309952
3320, 77309952
3344, 77309952
3310, 77309952
3339, 77309952
3364, 77309952
3343, 77309952
3374, 77309952
3322, 77309952
3310, 77309952
3261, 77309952
3380, 77309952
3349, 77309952
3300, 77309952
3349, 77309952
3380, 77309952
3349, 77309952
3362, 77309952
3385, 77309952
3337, 77309952
3348, 77309952
3404, 77309952
3395, 77309952
3384, 77309952
3386, 77309952
3350, 77309952
3383, 77309952
3366, 77309952
3377, 77309952
3313, 77309952
3361, 77309952
3390, 77309952
3367, 77309952
3380, 77309952
3371, 77309952
3397, 77309952
3407, 77309952
3383, 77309952
3359, 77309952
3383, 77309952
3352, 77309952
3393, 77309952
3392, 77309952
3397, 77309952
3401, 77309952
3380, 77309952
3395, 77309952
3344, 77309952
3363, 77309952
3349, 77309952
3305, 77309952
3354, 77309952
3369, 77309952
3405, 77309952
3396, 77309952
3328, 77309952
3401, 77309952
3368, 77309952
3394, 77309952
3403, 77309952
3378, 77309952
3380, 77309952
3386, 77309952
3413, 77309952
3422, 77309952
3371, 77309952
3372, 77309952
3374, 77309952
3342, 77309952
3385, 77309952
3353, 77309952
3361, 77309952
3339, 77309952
3330, 77309952
3349, 77309952
3335, 77309952
3366, 77309952
3353, 77309952
3396, 77309952
3403, 77309952
3406, 77309952
3362, 77309952
3394, 77309952
3402, 77309952
3402, 77309952
3366, 77309952
3348, 77309952
3348, 77309952
3379, 77309952
3413, 77309952
3409, 77309952
3343, 77309952
3362, 77309952
3406, 77309952
3403, 77309952
3398, 77309952
3375, 77309952
3320, 77309952
3364, 77309952
