3395, 77309952
3390, 77309952
3395, 77309952
3391, 77309952
3399, 77309952
3368, 77309952
3404, 77309952
3385, 77309952
3390, 77309952
3401, 76124752
2546, 53860760
2586, 53860760
2607, 53860760
2628, 53860760
2625, 53860760
2630, 53860760
2563, 53860760
2649, 53860760
2577, 53860760
2588, 53860760
2581, 53860760
2616, 53860760
2618, 53860760
2592, 53860760
2591, 53860760
2568, 53860760
2619, 53860760
2597, 53860760
2580, 53860760
2585, 53860760
2583, 53860760
2611, 53860760
2594, 53860760
2599, 53860760
2567, 53860760
2618, 53860760
2617, 53860760
2603, 53860760
2615, 53860760
2564, 53860760
2569, 53860760
2582, 53860760
2620, 53860760
2576, 53860760
2625, 53860760
2554, 53860760
2589, 53860760
2636, 53860760
2587, 53860760
2603, 53860760
2612, 53860760
2585, 53860760
2583, 53860760
2585, 53860760
2542, 53860760
2558, 53860760
2602, 53860760
2582, 53860760
2540, 53860760
2606, 53860760
2604, 53860760
2567, 53860760
2595, 53860760
2611, 53860760
2605, 53860760
2564, 53860760
2536, 53860760
2611, 53860760
2555, 53860760
2553, 53860760
2565, 53860760
2547, 53860760
2563, 53860760
2567, 53860760
2557, 53860760
2583, 53860760
2592, 53860760
2615, 53860760
2554, 53860760
2614, 53860760
2558, 53860760
2596, 53860760
2557, 53860760
2265, 53860760
2019, 53860760
2342, 53860760
2593, 53860760
2521, 53860760
2566, 53860760
2542, 53860760
2587, 53860760
2580, 53860760
2540, 53860760
2467, 53860760
2555, 53860760
2548, 53860760
2554, 53860760
2403, 53860760
2603, 53860760
2562, 53860760
2561, 53860760
2597, 53860760
2600, 53860760
2569, 53860760
2582, 53860760
2596, 53860760
2557, 53860760
2596, 53860760
2508, 53860760
2500, 53860760
2574, 53860760
2566, 53860760
2623, 53860760
2595, 53860760
2547, 53860760
2606, 53860760
2586, 53860760
2557, 53860760
2478, 53860760
2563, 53860760
2515, 53860760
2528, 53860760
2525, 53860760
2565, 53860760
2578, 53860760
2542, 53860760
2558, 53860760
2520, 53860760
2574, 53860760
2504, 53860760
2561, 53860760
2567, 53860760
2549, 53860760
2603, 53860760
2595, 53860760
2594, 53860760
2534, 53860760
2489, 53860760
2577, 53860760
2597, 53860760
2569, 53860760
2539, 53860760
2545, 53860760
2546, 53860760
2580, 53860760
2572, 53860760
2581, 53860760
2607, 53860760
2597, 53860760
2602, 53860760
2584, 53860760
2553, 53860760
2589, 53860760
2606, 53860760
2587, 53860760
2610, 53860760
2565, 53860760
2606, 53860760
2589, 53860760
2546, 53860760
2575, 53860760
2523, 53860760
2537, 53860760
2551, 53860760
2520, 53860760
2536, 53860760
2577, 53860760
2492, 53860760
2557, 53860760
2581, 53860760
2561, 53860760
2573, 53860760
2646, 53860760
2598, 53860760
2535, 53860760
2568, 53860760
2514, 53860760
2621, 53860760
2535, 53860760
2554, 53860760
2558, 53860760
2600, 53860760
2571, 53860760
2566, 53860760
2580, 53860760
2607, 53860760
2568, 53860760
2577, 53860760
2560, 53860760
2542, 53860760
2544, 53860760
2540, 53860760
2526, 53860760
2552, 53860760
2558, 53860760
2543, 53860760
2517, 53860760
2557, 53860760
2534, 53860760
2534, 53860760
2493, 53860760
2549, 53860760
2572, 53860760
2594, 53860760
2611, 53860760
2564, 53860760
2589, 53860760
2612, 53860760
2604, 53860760
2562, 53860760
2563, 53860760
2592, 53860760
2580, 53860760
2544, 53860760
2610, 53860760
2561, 53860760
2595, 53860760
2573, 53860760
2524, 53860760
2567, 53860760
2519, 53860760
2543, 53860760
2553, 53860760
2569, 53860760
2600, 53860760
2621, 53860760
2547, 53860760
2603, 53860760
2647, 53860760
2603, 53860760
2585, 53860760
2625, 53860760
2577, 53860760
2578, 53860760
2570, 53860760
2543, 53860760
2545, 53860760
2530, 53860760
2532, 53860760
2589, 53860760
2593, 53860760
2559, 53860760
2599, 53860760
2576, 53860760
2626, 53860760
2553, 53860760
2590, 53860760
2544, 53860760
2533, 53860760
2527, 53860760
2567, 53860760
2571, 53860760
2586, 53860760
2584, 53860760
2581, 53860760
2551, 53860760
2589, 53860760
2575, 53860760
2586, 53860760
2544, 53860760
2566, 53860760
2583, 53860760
2590, 53860760
2614, 53860760
2554, 53860760
2607, 53860760
2614, 53860760
2582, 53860760
2588, 53860760
2543, 53860760
2550, 53860760
2566, 53860760
2589, 53860760
2611, 53860760
2589, 53860760
2605, 53860760
2635, 53860760
2549, 53860760
2613, 53860760
2593, 53860760
2578, 53860760
2593, 53860760
2555, 53860760
2581, 53860760
2538, 53860760
2486, 53860760
2537, 53860760
2543, 53860760
2574, 53860760
2523, 53860760
2619, 53860760
2561, 53860760
2563, 53860760
2521, 53860760
2521, 53860760
2575, 53860760
2571, 53860760
2518, 53860760
2549, 53860760
2577, 53860760
2547, 53860760
2554, 53860760
2559, 53860760
2583, 53860760
2526, 53860760
2573, 53860760
2561, 53860760
2574, 53860760
2527, 53860760
2553, 53860760
2561, 53860760
2596, 53860760
2555, 53860760
2539, 53860760
2504, 53860760
2549, 53860760
2541, 53860760
2545, 53860760
2494, 53860760
2546, 53860760
2579, 53860760
2596, 53860760
2613, 53860760
2535, 53860760
2557, 53860760
2550, 53860760
2565, 53860760
2535, 53860760
2560, 53860760
2587, 53860760
2599, 53860760
2590, 53860760
2610, 53860760
2561, 53860760
2612, 53860760
2572, 53860760
2544, 53860760
2580, 53860760
2529, 53860760
2549, 53860760
2558, 53860760
2577, 53860760
2561, 53860760
2567, 53860760
2501, 53860760
2604, 53860760
2619, 53860760
2566, 53860760
2547, 53860760
2614, 53860760
2549, 53860760
2530, 53860760
2577, 53860760
2541, 53860760
