4683, 77309952
4832, 77309952
4674, 77309952
4824, 77309952
4782, 77309952
4731, 77309952
4867, 77309952
4773, 77309952
4805, 77309952
4683, 77309952
4832, 77309952
4674, 77309952
4824, 77309952
4782, 77309952
4731, 77309952
4867, 77309952
4773, 77309952
4805, 77309952
4643, 48655083
4738, 48655083
4745, 48655083
4756, 48655083
4708, 48655083
4822, 48655083
4624, 48655083
4689, 48655083
4816, 48655083
4643, 48655083
4738, 48655083
4745, 48655083
4756, 48655083
4708, 48655083
4822, 48655083
4624, 48655083
4689, 48655083
4816, 48655083
4734, 48655083
4605, 48655083
4832, 48655083
4853, 48655083
4727, 48655083
4674, 48655083
4884, 48655083
4723, 48655083
4831, 48655083
4734, 48655083
4605, 48655083
4832, 48655083
4853, 48655083
4727, 48655083
4674, 48655083
4884, 48655083
4723, 48655083
4831, 48655083
4835, 48655083
4794, 48655083
4876, 48655083
4742, 48655083
4848, 48655083
4876, 48655083
4843, 48655083
4633, 48655083
4862, 48655083
4835, 48655083
4794, 48655083
4876, 48655083
4742, 48655083
4848, 48655083
4876, 48655083
4843, 48655083
4633, 48655083
4862, 48655083
4779, 48655083
4706, 48655083
4843, 48655083
4829, 48655083
4712, 48655083
4565, 48655083
4684, 48655083
4865, 48655083
4864, 48655083
4779, 48655083
4706, 48655083
4843, 48655083
4829, 48655083
4712, 48655083
4565, 48655083
4684, 48655083
4865, 48655083
4864, 48655083
4808, 48655083
4731, 48655083
4820, 48655083
4745, 48655083
4871, 48655083
4807, 48655083
4883, 48655083
4725, 48655083
4776, 48655083
4808, 48655083
4731, 48655083
4820, 48655083
4745, 48655083
4871, 48655083
4807, 48655083
4883, 48655083
4725, 48655083
4776, 48655083
