4372, 45632656
4307, 45632656
4452, 45632656
4424, 45632656
4402, 45632656
4279, 45632656
4343, 45632656
4343, 45632656
4374, 45632656
4372, 45632656
4307, 45632656
4452, 45632656
4424, 45632656
4402, 45632656
4279, 45632656
4343, 45632656
4343, 45632656
4374, 45632656
4330, 45632656
4370, 45632656
4416, 45632656
4314, 45632656
4382, 45632656
4466, 45632656
4232, 45632656
4347, 45632656
4377, 45632656
4330, 45632656
4370, 45632656
4416, 45632656
4314, 45632656
4382, 45632656
4466, 45632656
4232, 45632656
4347, 45632656
4377, 45632656
4335, 45632656
4369, 45632656
4407, 45632656
4408, 45632656
4435, 45632656
4330, 45632656
4441, 45632656
4449, 45632656
4446, 45632656
4335, 45632656
4369, 45632656
4407, 45632656
4408, 45632656
4435, 45632656
4330, 45632656
4441, 45632656
4449, 45632656
4446, 45632656
4290, 45632656
4356, 45632656
4373, 45632656
4352, 45632656
4447, 45632656
4351, 45632656
4444, 45632656
4303, 45632656
4387, 45632656
4290, 45632656
4356, 45632656
4373, 45632656
4352, 45632656
4447, 45632656
4351, 45632656
4444, 45632656
4303, 45632656
4387, 45632656
4357, 45632656
4315, 45632656
4463, 45632656
4357, 45632656
4382, 45632656
4310, 45632656
4389, 45632656
4353, 45632656
4414, 45632656
4357, 45632656
4315, 45632656
4463, 45632656
4357, 45632656
4382, 45632656
4310, 45632656
4389, 45632656
4353, 45632656
4414, 45632656
4364, 45632656
4419, 45632656
4407, 45632656
4289, 45632656
4455, 45632656
4444, 45632656
4437, 45632656
4338, 45632656
4423, 45632656
4364, 45632656
4419, 45632656
4407, 45632656
4289, 45632656
4455, 45632656
4444, 45632656
4437, 45632656
4338, 45632656
4423, 45632656
