4834, 77309952
4676, 77309952
4912, 77309952
4921, 77309952
4929, 77309952
4703, 77309952
4951, 77309952
4815, 77309952
4888, 77309952
4834, 77309952
4676, 77309952
4912, 77309952
4921, 77309952
4929, 77309952
4703, 77309952
4951, 77309952
4815, 77309952
4888, 77309952
4785, 77309952
4842, 77309952
4886, 77309952
4713, 77309952
4864, 77309952
4838, 77309952
4741, 77309952
4725, 77309952
4961, 77309952
4785, 77309952
4842, 77309952
4886, 77309952
4713, 77309952
4864, 77309952
4838, 77309952
4741, 77309952
4725, 77309952
4961, 77309952
4804, 77309952
4730, 77309952
4825, 77309952
4872, 77309952
4925, 77309952
4630, 77309952
4867, 77309952
4916, 77309952
4773, 77309952
4804, 77309952
4730, 77309952
4825, 77309952
4872, 77309952
4925, 77309952
4630, 77309952
4867, 77309952
4916, 77309952
4773, 77309952
4736, 77309952
4834, 77309952
4877, 77309952
4766, 77309952
4907, 77309952
4814, 77309952
4917, 77309952
4795, 77309952
4853, 77309952
4736, 77309952
4834, 77309952
4877, 77309952
4766, 77309952
4907, 77309952
4814, 77309952
4917, 77309952
4795, 77309952
4853, 77309952
4778, 77309952
4739, 77309952
4854, 77309952
4869, 77309952
4937, 77309952
4715, 77309952
4877, 77309952
4890, 77309952
4859, 77309952
4778, 77309952
4739, 77309952
4854, 77309952
4869, 77309952
4937, 77309952
4715, 77309952
4877, 77309952
4890, 77309952
4859, 77309952
4851, 77309952
4879, 77309952
4946, 77309952
4723, 77309952
4886, 77309952
4862, 77309952
4902, 77309952
4766, 77309952
4832, 77309952
4851, 77309952
4879, 77309952
4946, 77309952
4723, 77309952
4886, 77309952
4862, 77309952
4902, 77309952
4766, 77309952
4832, 77309952
