Start workload 0
3279, 623226880
2981, 472100740
2893, 428111022
2941, 428111022
2989, 428111022
2882, 428111022
2934, 428111022
2974, 428111022
2983, 428111022
2973, 428111022
2926, 428111022
2990, 428111022
3206, 427186447
3227, 427186447
3180, 427186447
3237, 427186447
3257, 427186447
3271, 427186447
3204, 427186447
3233, 427186447
3199, 427186447
3224, 427186447
3167, 427726287
3224, 427726287
3198, 427726287
3170, 427726287
3184, 427726287
3227, 427726287
3257, 427726287
3243, 427726287
3200, 427726287
3257, 427726287
3279, 428787559
3221, 428787559
3177, 428787559
3250, 428787559
3214, 428787559
3251, 428787559
3150, 428787559
3207, 428787559
3261, 428787559
3249, 428787559
3146, 430296783
3251, 430296783
3239, 430296783
3239, 430296783
3119, 430296783
3229, 430296783
3258, 430296783
3233, 430296783
3192, 430296783
3150, 430296783
3197, 430964095
3223, 430964095
3173, 430964095
3248, 430964095
3254, 430964095
3216, 430964095
3203, 430964095
3203, 430964095
3199, 430964095
3210, 430964095
3211, 431256415
3233, 431256415
3232, 431256415
3158, 431256415
3185, 431256415
3209, 431256415
3233, 431256415
3197, 431256415
3163, 431256415
3193, 431256415
3237, 432111359
3205, 432111359
3172, 432111359
3199, 432111359
3269, 432111359
3230, 432111359
Start workload 1
3187, 432111359
3207, 432111359
3213, 432111359
3216, 432111359
3168, 432308455
3259, 432308455
3227, 432308455
3220, 432308455
3192, 432308455
3240, 432308455
3237, 432308455
3214, 432308455
3170, 432308455
3235, 432308455
3246, 432868207
3217, 432868207
3126, 432868207
3197, 432868207
3209, 432868207
3221, 432868207
3175, 432868207
3211, 432868207
3223, 432868207
3218, 432868207
3186, 435084127
3253, 435084127
3205, 435084127
3190, 435084127
3220, 435084127
3208, 435084127
3284, 435084127
3185, 435084127
3143, 435084127
3237, 435084127
3198, 438794311
3242, 438794311
3167, 438794311
3208, 438794311
3255, 438794311
3242, 438794311
3186, 438794311
3185, 438794311
3234, 438794311
3207, 438794311
3136, 439236623
3280, 439236623
3206, 439236623
3162, 439236623
3178, 439236623
3210, 439236623
3227, 439236623
3235, 439236623
3157, 439236623
3221, 439236623
3194, 440270711
3156, 440270711
3187, 440270711
3208, 440270711
3198, 440270711
3232, 440270711
3148, 440270711
3177, 440270711
3236, 440270711
3240, 440270711
3176, 440692575
3271, 440692575
3207, 440692575
3234, 440692575
3197, 440692575
3251, 440692575
3200, 440692575
3235, 440692575
3175, 440692575
3201, 440692575
3212, 440379247
3230, 440379247
3191, 440379247
3289, 440379247
Start workload 2
3164, 440379247
3230, 440379247
3207, 440379247
3217, 440379247
3226, 440379247
3251, 440379247
3157, 441629207
3241, 441629207
3171, 441629207
3213, 441629207
3210, 441629207
3226, 441629207
3232, 441629207
3249, 441629207
3191, 441629207
3240, 441629207
3224, 441240103
3246, 441240103
3194, 441240103
3210, 441240103
3228, 441240103
3224, 441240103
3182, 441240103
3226, 441240103
3211, 441240103
3227, 441240103
3169, 442141167
3217, 442141167
3226, 442141167
3134, 442141167
3181, 442141167
3233, 442141167
3240, 442141167
3226, 442141167
3139, 442141167
3157, 442141167
3199, 442141167
3214, 442141167
3184, 442141167
3173, 442141167
3259, 442141167
3211, 442141167
3139, 442141167
3220, 442141167
3205, 442141167
3222, 442141167
3176, 441770495
3236, 441770495
3213, 441770495
3189, 441770495
3141, 441770495
3193, 441770495
3259, 441770495
3218, 441770495
3148, 441770495
3208, 441770495
3233, 444147967
3281, 444147967
3140, 444147967
3182, 444147967
3205, 444147967
3238, 444147967
3165, 444147967
3219, 444147967
3249, 444147967
3216, 444147967
3186, 444900535
3216, 444900535
3203, 444900535
3217, 444900535
3217, 444900535
3213, 444900535
3237, 444900535
3212, 444900535
3198, 444900535
3240, 444900535
3172, 444900535
3243, 444900535
