Start workload 0
3314, 623226880
3324, 623226880
3304, 623226880
3292, 623226880
3308, 623226880
3311, 623226880
3306, 623226880
3295, 623226880
3342, 623226880
3310, 623226880
3275, 623226880
3279, 623226880
3295, 623226880
3269, 623226880
3244, 623226880
3275, 623226880
3329, 623226880
3328, 623226880
3231, 623226880
3297, 623226880
3330, 623226880
3335, 623226880
3284, 623226880
3293, 623226880
3303, 623226880
3250, 623226880
3254, 623226880
3331, 623226880
3310, 623226880
3338, 623226880
3263, 623226880
3269, 623226880
3324, 623226880
3306, 623226880
3258, 623226880
3274, 623226880
3329, 623226880
3314, 623226880
3243, 623226880
3308, 623226880
3354, 623226880
3286, 623226880
3265, 623226880
3244, 623226880
3292, 623226880
3307, 623226880
3276, 623226880
3286, 623226880
3334, 623226880
3176, 623226880
3279, 623226880
3320, 623226880
3343, 623226880
3254, 623226880
3259, 623226880
3257, 623226880
3327, 623226880
3335, 623226880
3276, 623226880
3301, 623226880
3291, 623226880
3329, 623226880
3281, 623226880
3317, 623226880
3252, 623226880
3261, 623226880
3242, 623226880
3267, 623226880
3331, 623226880
3331, 623226880
3246, 623226880
3323, 623226880
3341, 623226880
3295, 623226880
3261, 623226880
Start workload 1
3279, 623226880
3339, 623226880
3343, 623226880
3237, 623226880
3268, 623226880
3268, 623226880
3291, 623226880
3240, 623226880
3282, 623226880
3278, 623226880
3312, 623226880
3298, 623226880
3323, 623226880
3331, 623226880
3339, 623226880
3318, 623226880
3337, 623226880
3341, 623226880
3292, 623226880
3246, 623226880
3321, 623226880
3320, 623226880
3288, 623226880
3290, 623226880
3311, 623226880
3341, 623226880
3318, 623226880
3268, 623226880
3284, 623226880
3290, 623226880
3287, 623226880
3266, 623226880
3258, 623226880
3315, 623226880
3185, 623226880
3283, 623226880
3259, 623226880
3345, 623226880
3341, 623226880
3265, 623226880
3269, 623226880
3301, 623226880
3311, 623226880
3259, 623226880
3293, 623226880
3277, 623226880
3316, 623226880
3290, 623226880
3306, 623226880
3312, 623226880
3295, 623226880
3258, 623226880
3306, 623226880
3364, 623226880
3313, 623226880
3298, 623226880
3294, 623226880
3320, 623226880
3346, 623226880
3279, 623226880
3272, 623226880
3343, 623226880
3306, 623226880
3274, 623226880
3318, 623226880
3358, 623226880
3332, 623226880
3274, 623226880
3322, 623226880
3329, 623226880
3267, 623226880
3291, 623226880
3320, 623226880
3307, 623226880
3265, 623226880
3253, 623226880
Start workload 2
3277, 623226880
3339, 623226880
3284, 623226880
3288, 623226880
3234, 623226880
3307, 623226880
3274, 623226880
3254, 623226880
3348, 623226880
3314, 623226880
3327, 623226880
3304, 623226880
3309, 623226880
3297, 623226880
3311, 623226880
3297, 623226880
3284, 623226880
3343, 623226880
3183, 623226880
3265, 623226880
3288, 623226880
3341, 623226880
3304, 623226880
3228, 623226880
3269, 623226880
3309, 623226880
3322, 623226880
3266, 623226880
3334, 623226880
3378, 623226880
3359, 623226880
3285, 623226880
3318, 623226880
3330, 623226880
3302, 623226880
3282, 623226880
3335, 623226880
3319, 623226880
3301, 623226880
3281, 623226880
3332, 623226880
3316, 623226880
3295, 623226880
3268, 623226880
3340, 623226880
3265, 623226880
3324, 623226880
3268, 623226880
3293, 623226880
3338, 623226880
3341, 623226880
3302, 623226880
3199, 623226880
3310, 623226880
3296, 623226880
3252, 623226880
3337, 623226880
3307, 623226880
3292, 623226880
3288, 623226880
3319, 623226880
3325, 623226880
3324, 623226880
3216, 623226880
3308, 623226880
3337, 623226880
3334, 623226880
3280, 623226880
3308, 623226880
3277, 623226880
3283, 623226880
3208, 623226880
3291, 623226880
3294, 623226880
3348, 623226880
3268, 623226880
