Start workload 0
2568, 396053110
2568, 396053110
2585, 396053110
2546, 396053110
2597, 396053110
2556, 396053110
2558, 396053110
2574, 396053110
2581, 396053110
2566, 396053110
2585, 396053110
2583, 396053110
2574, 396053110
2573, 396053110
2551, 396053110
2559, 396053110
2595, 396053110
2547, 396053110
2561, 396053110
2553, 396053110
2544, 396053110
2547, 396053110
2567, 396053110
2577, 396053110
2591, 396053110
2538, 396053110
2560, 396053110
2580, 396053110
2570, 396053110
2562, 396053110
2563, 396053110
2583, 396053110
2564, 396053110
2573, 396053110
2557, 396053110
2581, 396053110
2573, 396053110
2559, 396053110
2589, 396053110
2563, 396053110
2590, 396053110
2573, 396053110
2573, 396053110
2582, 396053110
2557, 396053110
2557, 396053110
2565, 396053110
2580, 396053110
2510, 396053110
2541, 396053110
2592, 396053110
2576, 396053110
2546, 396053110
2540, 396053110
2548, 396053110
2579, 396053110
2554, 396053110
2559, 396053110
2579, 396053110
2590, 396053110
2576, 396053110
2554, 396053110
2586, 396053110
2570, 396053110
2560, 396053110
2556, 396053110
2588, 396053110
2553, 396053110
2549, 396053110
2511, 396053110
2583, 396053110
2569, 396053110
2580, 396053110
2553, 396053110
2561, 396053110
2574, 396053110
2565, 396053110
2542, 396053110
2563, 396053110
2562, 396053110
2546, 396053110
2552, 396053110
2576, 396053110
2571, 396053110
2564, 396053110
2572, 396053110
2576, 396053110
2576, 396053110
2565, 396053110
2542, 396053110
2523, 396053110
2564, 396053110
2558, 396053110
2516, 396053110
2505, 396053110
2571, 396053110
2561, 396053110
Start workload 1
2585, 396053110
2588, 396053110
2560, 396053110
2579, 396053110
2584, 396053110
2571, 396053110
2590, 396053110
2602, 396053110
2591, 396053110
2605, 396053110
2560, 396053110
2518, 396053110
2600, 396053110
2590, 396053110
2589, 396053110
2563, 396053110
2559, 396053110
2593, 396053110
2606, 396053110
2601, 396053110
2581, 396053110
2606, 396053110
2620, 396053110
2603, 396053110
2583, 396053110
2588, 396053110
2599, 396053110
2594, 396053110
2586, 396053110
2590, 396053110
2609, 396053110
2586, 396053110
2571, 396053110
2587, 396053110
2565, 396053110
2603, 396053110
2584, 396053110
2591, 396053110
2585, 396053110
2597, 396053110
2581, 396053110
2596, 396053110
2589, 396053110
2598, 396053110
2590, 396053110
2576, 396053110
2596, 396053110
2596, 396053110
2568, 396053110
2598, 396053110
2567, 396053110
2591, 396053110
2581, 396053110
2592, 396053110
2608, 396053110
2608, 396053110
2577, 396053110
2603, 396053110
2593, 396053110
2619, 396053110
2583, 396053110
2617, 396053110
2605, 396053110
2600, 396053110
2573, 396053110
2590, 396053110
2627, 396053110
2621, 396053110
2614, 396053110
2608, 396053110
2580, 396053110
2505, 396053110
2601, 396053110
2591, 396053110
2609, 396053110
2590, 396053110
2597, 396053110
2605, 396053110
2619, 396053110
2605, 396053110
2561, 396053110
2624, 396053110
2585, 396053110
2600, 396053110
2571, 396053110
2615, 396053110
2568, 396053110
2599, 396053110
2551, 396053110
2596, 396053110
2608, 396053110
2576, 396053110
2569, 396053110
2609, 396053110
2579, 396053110
2608, 396053110
2588, 396053110
Start workload 2
2585, 396053110
2606, 396053110
2600, 396053110
2561, 396053110
2601, 396053110
2621, 396053110
2602, 396053110
2560, 396053110
2603, 396053110
2609, 396053110
2608, 396053110
2573, 396053110
2590, 396053110
2598, 396053110
2602, 396053110
2562, 396053110
2609, 396053110
2618, 396053110
2575, 396053110
2595, 396053110
2609, 396053110
2607, 396053110
2596, 396053110
2607, 396053110
2599, 396053110
2576, 396053110
2585, 396053110
2613, 396053110
2614, 396053110
2607, 396053110
2607, 396053110
2549, 396053110
2617, 396053110
2585, 396053110
2518, 396053110
2559, 396053110
2598, 396053110
2601, 396053110
2597, 396053110
2572, 396053110
2570, 396053110
2593, 396053110
2583, 396053110
2556, 396053110
2607, 396053110
2611, 396053110
2603, 396053110
2588, 396053110
2613, 396053110
2600, 396053110
2596, 396053110
2568, 396053110
2631, 396053110
2586, 396053110
2601, 396053110
2564, 396053110
2589, 396053110
2584, 396053110
2591, 396053110
2554, 396053110
2605, 396053110
2585, 396053110
2605, 396053110
2561, 396053110
2590, 396053110
2597, 396053110
2593, 396053110
2595, 396053110
2606, 396053110
2592, 396053110
2608, 396053110
2573, 396053110
2588, 396053110
2594, 396053110
2581, 396053110
2562, 396053110
2612, 396053110
2624, 396053110
2608, 396053110
2577, 396053110
2582, 396053110
2602, 396053110
2591, 396053110
2584, 396053110
2614, 396053110
2588, 396053110
2597, 396053110
2597, 396053110
2598, 396053110
2611, 396053110
2569, 396053110
2570, 396053110
2570, 396053110
2590, 396053110
2516, 396053110
2581, 396053110
