4640, 77309952
4619, 77309952
4486, 77309952
4589, 77309952
4634, 77309952
4692, 77309952
4505, 77309952
4603, 77309952
4538, 77309952
4640, 77309952
4619, 77309952
4486, 77309952
4589, 77309952
4634, 77309952
4692, 77309952
4505, 77309952
4603, 77309952
4538, 77309952
4408, 49007835
4549, 49007835
4614, 49007835
4509, 49007835
4356, 49007835
4468, 49007835
4443, 49007835
4537, 49007835
4463, 49007835
4408, 49007835
4549, 49007835
4614, 49007835
4509, 49007835
4356, 49007835
4468, 49007835
4443, 49007835
4537, 49007835
4463, 49007835
4479, 49007835
4499, 49007835
4390, 49007835
4548, 49007835
4531, 49007835
4596, 49007835
4357, 49007835
4496, 49007835
4535, 49007835
4479, 49007835
4499, 49007835
4390, 49007835
4548, 49007835
4531, 49007835
4596, 49007835
4357, 49007835
4496, 49007835
4535, 49007835
4396, 49007835
4442, 49007835
4552, 49007835
4567, 49007835
4394, 49007835
4648, 49007835
4550, 49007835
4547, 49007835
4456, 49007835
4396, 49007835
4442, 49007835
4552, 49007835
4567, 49007835
4394, 49007835
4648, 49007835
4550, 49007835
4547, 49007835
4456, 49007835
4506, 49007835
4599, 49007835
4391, 49007835
4422, 49007835
4560, 49007835
4576, 49007835
4504, 49007835
4513, 49007835
4561, 49007835
4506, 49007835
4599, 49007835
4391, 49007835
4422, 49007835
4560, 49007835
4576, 49007835
4504, 49007835
4513, 49007835
4561, 49007835
4487, 49007835
4591, 49007835
4611, 49007835
4582, 49007835
4527, 49007835
4513, 49007835
4547, 49007835
4570, 49007835
4476, 49007835
4487, 49007835
4591, 49007835
4611, 49007835
4582, 49007835
4527, 49007835
4513, 49007835
4547, 49007835
4570, 49007835
4476, 49007835
