4652, 77309952
4559, 77309952
4570, 77309952
4631, 77309952
4656, 77309952
4418, 77309952
4575, 77309952
4626, 77309952
4503, 77309952
4652, 77309952
4559, 77309952
4570, 77309952
4631, 77309952
4656, 77309952
4418, 77309952
4575, 77309952
4626, 77309952
4503, 77309952
4555, 77309952
4604, 77309952
4508, 77309952
4525, 77309952
4549, 77309952
4584, 77309952
4684, 77309952
4510, 77309952
4636, 77309952
4555, 77309952
4604, 77309952
4508, 77309952
4525, 77309952
4549, 77309952
4584, 77309952
4684, 77309952
4510, 77309952
4636, 77309952
4643, 77309952
4471, 77309952
4609, 77309952
4663, 77309952
4645, 77309952
4480, 77309952
4576, 77309952
4518, 77309952
4629, 77309952
4643, 77309952
4471, 77309952
4609, 77309952
4663, 77309952
4645, 77309952
4480, 77309952
4576, 77309952
4518, 77309952
4629, 77309952
4670, 77309952
4673, 77309952
4598, 77309952
4450, 77309952
4636, 77309952
4671, 77309952
4567, 77309952
4500, 77309952
4623, 77309952
4670, 77309952
4673, 77309952
4598, 77309952
4450, 77309952
4636, 77309952
4671, 77309952
4567, 77309952
4500, 77309952
4623, 77309952
4586, 77309952
4496, 77309952
4603, 77309952
4683, 77309952
4535, 77309952
4490, 77309952
4652, 77309952
4631, 77309952
4699, 77309952
4586, 77309952
4496, 77309952
4603, 77309952
4683, 77309952
4535, 77309952
4490, 77309952
4652, 77309952
4631, 77309952
4699, 77309952
4666, 77309952
4630, 77309952
4650, 77309952
4572, 77309952
4616, 77309952
4674, 77309952
4668, 77309952
4501, 77309952
4673, 77309952
4666, 77309952
4630, 77309952
4650, 77309952
4572, 77309952
4616, 77309952
4674, 77309952
4668, 77309952
4501, 77309952
4673, 77309952
