3652, 45632656
3689, 45632656
3613, 45632656
3617, 45632656
3634, 45632656
3654, 45632656
3631, 45632656
3695, 45632656
3620, 45632656
3652, 45632656
3689, 45632656
3613, 45632656
3617, 45632656
3634, 45632656
3654, 45632656
3631, 45632656
3695, 45632656
3620, 45632656
3620, 45632656
3701, 45632656
3653, 45632656
3628, 45632656
3576, 45632656
3661, 45632656
3652, 45632656
3688, 45632656
3610, 45632656
3620, 45632656
3701, 45632656
3653, 45632656
3628, 45632656
3576, 45632656
3661, 45632656
3652, 45632656
3688, 45632656
3610, 45632656
3686, 45632656
3699, 45632656
3583, 45632656
3627, 45632656
3622, 45632656
3685, 45632656
3600, 45632656
3613, 45632656
3615, 45632656
3686, 45632656
3699, 45632656
3583, 45632656
3627, 45632656
3622, 45632656
3685, 45632656
3600, 45632656
3613, 45632656
3615, 45632656
3584, 45632656
3621, 45632656
3665, 45632656
3634, 45632656
3594, 45632656
3680, 45632656
3669, 45632656
3661, 45632656
3593, 45632656
3584, 45632656
3621, 45632656
3665, 45632656
3634, 45632656
3594, 45632656
3680, 45632656
3669, 45632656
3661, 45632656
3593, 45632656
3657, 45632656
3739, 45632656
3584, 45632656
3656, 45632656
3617, 45632656
3598, 45632656
3565, 45632656
3623, 45632656
3607, 45632656
3657, 45632656
3739, 45632656
3584, 45632656
3656, 45632656
3617, 45632656
3598, 45632656
3565, 45632656
3623, 45632656
3607, 45632656
3626, 45632656
3648, 45632656
3617, 45632656
3705, 45632656
3553, 45632656
3667, 45632656
3663, 45632656
3652, 45632656
3563, 45632656
3626, 45632656
3648, 45632656
3617, 45632656
3705, 45632656
3553, 45632656
3667, 45632656
3663, 45632656
3652, 45632656
3563, 45632656
