3882, 77309952
3906, 77309952
3849, 77309952
3881, 77309952
3864, 77309952
3828, 77309952
3847, 77309952
3880, 77309952
3855, 77309952
3882, 77309952
3906, 77309952
3849, 77309952
3881, 77309952
3864, 77309952
3828, 77309952
3847, 77309952
3880, 77309952
3855, 77309952
3196, 49053651
3253, 49053651
3218, 49053651
3208, 49053651
3210, 49053651
3211, 49053651
3262, 49053651
3327, 49053651
3265, 49053651
3196, 49053651
3253, 49053651
3218, 49053651
3208, 49053651
3210, 49053651
3211, 49053651
3262, 49053651
3327, 49053651
3265, 49053651
3261, 49053651
3226, 49053651
3234, 49053651
3211, 49053651
3277, 49053651
3145, 49053651
3269, 49053651
3317, 49053651
3252, 49053651
3261, 49053651
3226, 49053651
3234, 49053651
3211, 49053651
3277, 49053651
3145, 49053651
3269, 49053651
3317, 49053651
3252, 49053651
3230, 49053651
3215, 49053651
3242, 49053651
3222, 49053651
3243, 49053651
3205, 49053651
3287, 49053651
3299, 49053651
3244, 49053651
3230, 49053651
3215, 49053651
3242, 49053651
3222, 49053651
3243, 49053651
3205, 49053651
3287, 49053651
3299, 49053651
3244, 49053651
3270, 49053651
3235, 49053651
3204, 49053651
3193, 49053651
3236, 49053651
3225, 49053651
3282, 49053651
3346, 49053651
3276, 49053651
3270, 49053651
3235, 49053651
3204, 49053651
3193, 49053651
3236, 49053651
3225, 49053651
3282, 49053651
3346, 49053651
3276, 49053651
3222, 49053651
3218, 49053651
3264, 49053651
3219, 49053651
3241, 49053651
3265, 49053651
3318, 49053651
3285, 49053651
3241, 49053651
3222, 49053651
3218, 49053651
3264, 49053651
3219, 49053651
3241, 49053651
3265, 49053651
3318, 49053651
3285, 49053651
3241, 49053651
