2168, 45632656
2210, 45632656
2186, 45632656
2194, 45632656
2176, 45632656
2182, 45632656
2201, 45632656
2222, 45632656
2169, 45632656
2168, 45632656
2210, 45632656
2186, 45632656
2194, 45632656
2176, 45632656
2182, 45632656
2201, 45632656
2222, 45632656
2169, 45632656
2203, 45632656
2199, 45632656
2169, 45632656
2198, 45632656
2157, 45632656
2199, 45632656
2198, 45632656
2233, 45632656
2163, 45632656
2203, 45632656
2199, 45632656
2169, 45632656
2198, 45632656
2157, 45632656
2199, 45632656
2198, 45632656
2233, 45632656
2163, 45632656
2212, 45632656
2186, 45632656
2146, 45632656
2197, 45632656
2166, 45632656
2129, 45632656
2188, 45632656
2218, 45632656
2175, 45632656
2212, 45632656
2186, 45632656
2146, 45632656
2197, 45632656
2166, 45632656
2129, 45632656
2188, 45632656
2218, 45632656
2175, 45632656
2205, 45632656
2164, 45632656
2164, 45632656
2195, 45632656
2157, 45632656
2203, 45632656
2166, 45632656
2232, 45632656
2165, 45632656
2205, 45632656
2164, 45632656
2164, 45632656
2195, 45632656
2157, 45632656
2203, 45632656
2166, 45632656
2232, 45632656
2165, 45632656
2215, 45632656
2234, 45632656
2166, 45632656
2178, 45632656
2171, 45632656
2124, 45632656
2182, 45632656
2235, 45632656
2163, 45632656
2215, 45632656
2234, 45632656
2166, 45632656
2178, 45632656
2171, 45632656
2124, 45632656
2182, 45632656
2235, 45632656
2163, 45632656
2220, 45632656
2215, 45632656
2160, 45632656
2185, 45632656
2160, 45632656
2179, 45632656
2166, 45632656
2239, 45632656
2155, 45632656
2220, 45632656
2215, 45632656
2160, 45632656
2185, 45632656
2160, 45632656
2179, 45632656
2166, 45632656
2239, 45632656
2155, 45632656
