3907, 77309952
3878, 77309952
3894, 77309952
3915, 77309952
3909, 77309952
3918, 77309952
3879, 77309952
3946, 77309952
3933, 77309952
3907, 77309952
3878, 77309952
3894, 77309952
3915, 77309952
3909, 77309952
3918, 77309952
3879, 77309952
3946, 77309952
3933, 77309952
3859, 77309952
3985, 77309952
3930, 77309952
3907, 77309952
3884, 77309952
3901, 77309952
3847, 77309952
3937, 77309952
3810, 77309952
3859, 77309952
3985, 77309952
3930, 77309952
3907, 77309952
3884, 77309952
3901, 77309952
3847, 77309952
3937, 77309952
3810, 77309952
3910, 77309952
3945, 77309952
3913, 77309952
3925, 77309952
3831, 77309952
3835, 77309952
3857, 77309952
3943, 77309952
3918, 77309952
3910, 77309952
3945, 77309952
3913, 77309952
3925, 77309952
3831, 77309952
3835, 77309952
3857, 77309952
3943, 77309952
3918, 77309952
3875, 77309952
3919, 77309952
3942, 77309952
3908, 77309952
3887, 77309952
3939, 77309952
3933, 77309952
3931, 77309952
3864, 77309952
3875, 77309952
3919, 77309952
3942, 77309952
3908, 77309952
3887, 77309952
3939, 77309952
3933, 77309952
3931, 77309952
3864, 77309952
3920, 77309952
3854, 77309952
3888, 77309952
3931, 77309952
3928, 77309952
3927, 77309952
3900, 77309952
3925, 77309952
3936, 77309952
3920, 77309952
3854, 77309952
3888, 77309952
3931, 77309952
3928, 77309952
3927, 77309952
3900, 77309952
3925, 77309952
3936, 77309952
3813, 77309952
3917, 77309952
3958, 77309952
3916, 77309952
3852, 77309952
3939, 77309952
3937, 77309952
3916, 77309952
3828, 77309952
3813, 77309952
3917, 77309952
3958, 77309952
3916, 77309952
3852, 77309952
3939, 77309952
3937, 77309952
3916, 77309952
3828, 77309952
