4895, 77309952
4807, 77309952
4631, 77309952
4727, 77309952
4844, 77309952
4811, 77309952
4718, 77309952
4803, 77309952
4786, 77309952
4895, 77309952
4807, 77309952
4631, 77309952
4727, 77309952
4844, 77309952
4811, 77309952
4718, 77309952
4803, 77309952
4786, 77309952
4681, 48655083
4803, 48655083
4751, 48655083
4652, 48655083
4692, 48655083
4702, 48655083
4756, 48655083
4635, 48655083
4692, 48655083
4681, 48655083
4803, 48655083
4751, 48655083
4652, 48655083
4692, 48655083
4702, 48655083
4756, 48655083
4635, 48655083
4692, 48655083
4693, 48655083
4753, 48655083
4591, 48655083
4777, 48655083
4903, 48655083
4737, 48655083
4734, 48655083
4842, 48655083
4650, 48655083
4693, 48655083
4753, 48655083
4591, 48655083
4777, 48655083
4903, 48655083
4737, 48655083
4734, 48655083
4842, 48655083
4650, 48655083
4729, 48655083
4753, 48655083
4806, 48655083
4806, 48655083
4746, 48655083
4776, 48655083
4630, 48655083
4676, 48655083
4692, 48655083
4729, 48655083
4753, 48655083
4806, 48655083
4806, 48655083
4746, 48655083
4776, 48655083
4630, 48655083
4676, 48655083
4692, 48655083
4813, 48655083
4647, 48655083
4713, 48655083
4734, 48655083
4857, 48655083
4727, 48655083
4719, 48655083
4815, 48655083
4884, 48655083
4813, 48655083
4647, 48655083
4713, 48655083
4734, 48655083
4857, 48655083
4727, 48655083
4719, 48655083
4815, 48655083
4884, 48655083
4754, 48655083
4850, 48655083
4813, 48655083
4806, 48655083
4801, 48655083
4723, 48655083
4881, 48655083
4603, 48655083
4723, 48655083
4754, 48655083
4850, 48655083
4813, 48655083
4806, 48655083
4801, 48655083
4723, 48655083
4881, 48655083
4603, 48655083
4723, 48655083
