4405, 45632656
4266, 45632656
4243, 45632656
4373, 45632656
4402, 45632656
4291, 45632656
4380, 45632656
4404, 45632656
4432, 45632656
4405, 45632656
4266, 45632656
4243, 45632656
4373, 45632656
4402, 45632656
4291, 45632656
4380, 45632656
4404, 45632656
4432, 45632656
4367, 45632656
4437, 45632656
4375, 45632656
4324, 45632656
4398, 45632656
4429, 45632656
4392, 45632656
4344, 45632656
4351, 45632656
4367, 45632656
4437, 45632656
4375, 45632656
4324, 45632656
4398, 45632656
4429, 45632656
4392, 45632656
4344, 45632656
4351, 45632656
4350, 45632656
4258, 45632656
4325, 45632656
4414, 45632656
4277, 45632656
4304, 45632656
4340, 45632656
4449, 45632656
4245, 45632656
4350, 45632656
4258, 45632656
4325, 45632656
4414, 45632656
4277, 45632656
4304, 45632656
4340, 45632656
4449, 45632656
4245, 45632656
4440, 45632656
4424, 45632656
4351, 45632656
4193, 45632656
4398, 45632656
4339, 45632656
4405, 45632656
4291, 45632656
4389, 45632656
4440, 45632656
4424, 45632656
4351, 45632656
4193, 45632656
4398, 45632656
4339, 45632656
4405, 45632656
4291, 45632656
4389, 45632656
4361, 45632656
4283, 45632656
4308, 45632656
4404, 45632656
4324, 45632656
4188, 45632656
4313, 45632656
4427, 45632656
4372, 45632656
4361, 45632656
4283, 45632656
4308, 45632656
4404, 45632656
4324, 45632656
4188, 45632656
4313, 45632656
4427, 45632656
4372, 45632656
4408, 45632656
4422, 45632656
4400, 45632656
4256, 45632656
4419, 45632656
4445, 45632656
4407, 45632656
4284, 45632656
4433, 45632656
4408, 45632656
4422, 45632656
4400, 45632656
4256, 45632656
4419, 45632656
4445, 45632656
4407, 45632656
4284, 45632656
4433, 45632656
