4888, 77309952
4788, 77309952
4741, 77309952
4905, 77309952
4900, 77309952
4682, 77309952
4916, 77309952
4710, 77309952
4883, 77309952
4888, 77309952
4788, 77309952
4741, 77309952
4905, 77309952
4900, 77309952
4682, 77309952
4916, 77309952
4710, 77309952
4883, 77309952
4851, 77309952
4920, 77309952
4906, 77309952
4793, 77309952
4956, 77309952
4877, 77309952
4928, 77309952
4763, 77309952
4877, 77309952
4851, 77309952
4920, 77309952
4906, 77309952
4793, 77309952
4956, 77309952
4877, 77309952
4928, 77309952
4763, 77309952
4877, 77309952
4852, 77309952
4715, 77309952
4841, 77309952
4927, 77309952
4905, 77309952
4737, 77309952
4868, 77309952
4825, 77309952
4697, 77309952
4852, 77309952
4715, 77309952
4841, 77309952
4927, 77309952
4905, 77309952
4737, 77309952
4868, 77309952
4825, 77309952
4697, 77309952
4761, 77309952
4903, 77309952
4898, 77309952
4699, 77309952
4959, 77309952
4891, 77309952
4921, 77309952
4750, 77309952
4941, 77309952
4761, 77309952
4903, 77309952
4898, 77309952
4699, 77309952
4959, 77309952
4891, 77309952
4921, 77309952
4750, 77309952
4941, 77309952
4816, 77309952
4705, 77309952
4823, 77309952
4928, 77309952
4920, 77309952
4786, 77309952
4856, 77309952
4920, 77309952
4952, 77309952
4816, 77309952
4705, 77309952
4823, 77309952
4928, 77309952
4920, 77309952
4786, 77309952
4856, 77309952
4920, 77309952
4952, 77309952
4831, 77309952
4889, 77309952
4918, 77309952
4696, 77309952
4881, 77309952
4879, 77309952
4926, 77309952
4839, 77309952
4927, 77309952
4831, 77309952
4889, 77309952
4918, 77309952
4696, 77309952
4881, 77309952
4879, 77309952
4926, 77309952
4839, 77309952
4927, 77309952
