3798, 77309952
3838, 77309952
3747, 77309952
3812, 77309952
3842, 77309952
3795, 77309952
3747, 77309952
3792, 77309952
3790, 77309952
3798, 77309952
3838, 77309952
3747, 77309952
3812, 77309952
3842, 77309952
3795, 77309952
3747, 77309952
3792, 77309952
3790, 77309952
3025, 49033179
3045, 49033179
3026, 49033179
3062, 49033179
3012, 49033179
3050, 49033179
3021, 49033179
3037, 49033179
2977, 49033179
3025, 49033179
3045, 49033179
3026, 49033179
3062, 49033179
3012, 49033179
3050, 49033179
3021, 49033179
3037, 49033179
2977, 49033179
3046, 49053651
2998, 49053651
3036, 49053651
3019, 49053651
3050, 49053651
3064, 49053651
3020, 49053651
3012, 49053651
3032, 49053651
3046, 49053651
2998, 49053651
3036, 49053651
3019, 49053651
3050, 49053651
3064, 49053651
3020, 49053651
3012, 49053651
3032, 49053651
3030, 49053651
3040, 49053651
3043, 49053651
3017, 49053651
3015, 49053651
3027, 49053651
3042, 49053651
3008, 49053651
2987, 49053651
3030, 49053651
3040, 49053651
3043, 49053651
3017, 49053651
3015, 49053651
3027, 49053651
3042, 49053651
3008, 49053651
2987, 49053651
3042, 49053651
3046, 49053651
3036, 49053651
3021, 49053651
3000, 49053651
3068, 49053651
3036, 49053651
3036, 49053651
3037, 49053651
3042, 49053651
3046, 49053651
3036, 49053651
3021, 49053651
3000, 49053651
3068, 49053651
3036, 49053651
3036, 49053651
3037, 49053651
3034, 49053651
3047, 49053651
3033, 49053651
3058, 49053651
3019, 49053651
3069, 49053651
2995, 49053651
3028, 49053651
3016, 49053651
3034, 49053651
3047, 49053651
3033, 49053651
3058, 49053651
3019, 49053651
3069, 49053651
2995, 49053651
3028, 49053651
3016, 49053651
