2033, 45632656
2097, 45632656
2057, 45632656
2078, 45632656
2058, 45632656
2095, 45632656
2073, 45632656
2081, 45632656
2053, 45632656
2033, 45632656
2097, 45632656
2057, 45632656
2078, 45632656
2058, 45632656
2095, 45632656
2073, 45632656
2081, 45632656
2053, 45632656
2065, 45632656
2065, 45632656
2066, 45632656
2036, 45632656
2065, 45632656
2091, 45632656
2075, 45632656
2065, 45632656
1994, 45632656
2065, 45632656
2065, 45632656
2066, 45632656
2036, 45632656
2065, 45632656
2091, 45632656
2075, 45632656
2065, 45632656
1994, 45632656
2078, 45632656
2052, 45632656
2047, 45632656
2080, 45632656
2064, 45632656
2073, 45632656
2081, 45632656
2024, 45632656
2065, 45632656
2078, 45632656
2052, 45632656
2047, 45632656
2080, 45632656
2064, 45632656
2073, 45632656
2081, 45632656
2024, 45632656
2065, 45632656
2059, 45632656
2069, 45632656
2058, 45632656
2058, 45632656
2039, 45632656
2098, 45632656
2081, 45632656
2047, 45632656
2026, 45632656
2059, 45632656
2069, 45632656
2058, 45632656
2058, 45632656
2039, 45632656
2098, 45632656
2081, 45632656
2047, 45632656
2026, 45632656
2082, 45632656
2042, 45632656
2051, 45632656
2054, 45632656
2058, 45632656
2089, 45632656
2071, 45632656
2082, 45632656
2054, 45632656
2082, 45632656
2042, 45632656
2051, 45632656
2054, 45632656
2058, 45632656
2089, 45632656
2071, 45632656
2082, 45632656
2054, 45632656
2069, 45632656
2061, 45632656
2064, 45632656
2046, 45632656
2047, 45632656
2083, 45632656
2064, 45632656
2092, 45632656
2060, 45632656
2069, 45632656
2061, 45632656
2064, 45632656
2046, 45632656
2047, 45632656
2083, 45632656
2064, 45632656
2092, 45632656
2060, 45632656
