3750, 77309952
3848, 77309952
3753, 77309952
3780, 77309952
3786, 77309952
3811, 77309952
3750, 77309952
3831, 77309952
3821, 77309952
3750, 77309952
3848, 77309952
3753, 77309952
3780, 77309952
3786, 77309952
3811, 77309952
3750, 77309952
3831, 77309952
3821, 77309952
3804, 77309952
3843, 77309952
3857, 77309952
3824, 77309952
3785, 77309952
3785, 77309952
3840, 77309952
3848, 77309952
3704, 77309952
3804, 77309952
3843, 77309952
3857, 77309952
3824, 77309952
3785, 77309952
3785, 77309952
3840, 77309952
3848, 77309952
3704, 77309952
3837, 77309952
3849, 77309952
3666, 77309952
3882, 77309952
3838, 77309952
3796, 77309952
3771, 77309952
3829, 77309952
3749, 77309952
3837, 77309952
3849, 77309952
3666, 77309952
3882, 77309952
3838, 77309952
3796, 77309952
3771, 77309952
3829, 77309952
3749, 77309952
3752, 77309952
3763, 77309952
3831, 77309952
3857, 77309952
3748, 77309952
3749, 77309952
3851, 77309952
3804, 77309952
3787, 77309952
3752, 77309952
3763, 77309952
3831, 77309952
3857, 77309952
3748, 77309952
3749, 77309952
3851, 77309952
3804, 77309952
3787, 77309952
3815, 77309952
3816, 77309952
3725, 77309952
3872, 77309952
3833, 77309952
3828, 77309952
3788, 77309952
3759, 77309952
3809, 77309952
3815, 77309952
3816, 77309952
3725, 77309952
3872, 77309952
3833, 77309952
3828, 77309952
3788, 77309952
3759, 77309952
3809, 77309952
3769, 77309952
3736, 77309952
3813, 77309952
3822, 77309952
3726, 77309952
3799, 77309952
3788, 77309952
3812, 77309952
3781, 77309952
3769, 77309952
3736, 77309952
3813, 77309952
3822, 77309952
3726, 77309952
3799, 77309952
3788, 77309952
3812, 77309952
3781, 77309952
