4845, 77309952
4897, 77309952
4794, 77309952
4865, 77309952
4911, 77309952
4865, 77309952
4749, 77309952
4758, 77309952
4851, 77309952
4845, 77309952
4897, 77309952
4794, 77309952
4865, 77309952
4911, 77309952
4865, 77309952
4749, 77309952
4758, 77309952
4851, 77309952
4609, 48860643
4853, 48860643
4816, 48860643
4842, 48860643
4619, 48860643
4681, 48860643
4796, 48860643
4693, 48860643
4733, 48860643
4609, 48860643
4853, 48860643
4816, 48860643
4842, 48860643
4619, 48860643
4681, 48860643
4796, 48860643
4693, 48860643
4733, 48860643
4876, 48860643
4887, 48860643
4669, 48860643
4876, 48860643
4900, 48860643
4820, 48860643
4748, 48860643
4908, 48860643
4829, 48860643
4876, 48860643
4887, 48860643
4669, 48860643
4876, 48860643
4900, 48860643
4820, 48860643
4748, 48860643
4908, 48860643
4829, 48860643
4741, 48860643
4774, 48860643
4840, 48860643
4749, 48860643
4682, 48860643
4859, 48860643
4768, 48860643
4768, 48860643
4735, 48860643
4741, 48860643
4774, 48860643
4840, 48860643
4749, 48860643
4682, 48860643
4859, 48860643
4768, 48860643
4768, 48860643
4735, 48860643
4722, 48860643
4799, 48860643
4619, 48860643
4760, 48860643
4770, 48860643
4755, 48860643
4518, 48860643
4851, 48860643
4757, 48860643
4722, 48860643
4799, 48860643
4619, 48860643
4760, 48860643
4770, 48860643
4755, 48860643
4518, 48860643
4851, 48860643
4757, 48860643
4728, 48860643
4836, 48860643
4737, 48860643
4881, 48860643
4717, 48860643
4858, 48860643
4850, 48860643
4844, 48860643
4564, 48860643
4728, 48860643
4836, 48860643
4737, 48860643
4881, 48860643
4717, 48860643
4858, 48860643
4850, 48860643
4844, 48860643
4564, 48860643
