4813, 77309952
4721, 77309952
4854, 77309952
4781, 77309952
4871, 77309952
4664, 77309952
4784, 77309952
4812, 77309952
4910, 77309952
4813, 77309952
4721, 77309952
4854, 77309952
4781, 77309952
4871, 77309952
4664, 77309952
4784, 77309952
4812, 77309952
4910, 77309952
4930, 77309952
4840, 77309952
4848, 77309952
4753, 77309952
4793, 77309952
4879, 77309952
4720, 77309952
4641, 77309952
4813, 77309952
4930, 77309952
4840, 77309952
4848, 77309952
4753, 77309952
4793, 77309952
4879, 77309952
4720, 77309952
4641, 77309952
4813, 77309952
4896, 77309952
4698, 77309952
4902, 77309952
4740, 77309952
4849, 77309952
4640, 77309952
4908, 77309952
4922, 77309952
4898, 77309952
4896, 77309952
4698, 77309952
4902, 77309952
4740, 77309952
4849, 77309952
4640, 77309952
4908, 77309952
4922, 77309952
4898, 77309952
4919, 77309952
4844, 77309952
4873, 77309952
4757, 77309952
4904, 77309952
4816, 77309952
4858, 77309952
4694, 77309952
4728, 77309952
4919, 77309952
4844, 77309952
4873, 77309952
4757, 77309952
4904, 77309952
4816, 77309952
4858, 77309952
4694, 77309952
4728, 77309952
4565, 77309952
4756, 77309952
4785, 77309952
4917, 77309952
4613, 77309952
4653, 77309952
4838, 77309952
4843, 77309952
4796, 77309952
4565, 77309952
4756, 77309952
4785, 77309952
4917, 77309952
4613, 77309952
4653, 77309952
4838, 77309952
4843, 77309952
4796, 77309952
4817, 77309952
4963, 77309952
4825, 77309952
4705, 77309952
4897, 77309952
4876, 77309952
4894, 77309952
4734, 77309952
4868, 77309952
4817, 77309952
4963, 77309952
4825, 77309952
4705, 77309952
4897, 77309952
4876, 77309952
4894, 77309952
4734, 77309952
4868, 77309952
