4383, 45632656
4337, 45632656
4453, 45632656
4438, 45632656
4393, 45632656
4336, 45632656
4423, 45632656
4382, 45632656
4398, 45632656
4383, 45632656
4337, 45632656
4453, 45632656
4438, 45632656
4393, 45632656
4336, 45632656
4423, 45632656
4382, 45632656
4398, 45632656
4308, 45632656
4336, 45632656
4339, 45632656
4371, 45632656
4289, 45632656
4382, 45632656
4460, 45632656
4361, 45632656
4399, 45632656
4308, 45632656
4336, 45632656
4339, 45632656
4371, 45632656
4289, 45632656
4382, 45632656
4460, 45632656
4361, 45632656
4399, 45632656
4386, 45632656
4296, 45632656
4362, 45632656
4455, 45632656
4349, 45632656
4348, 45632656
4430, 45632656
4407, 45632656
4443, 45632656
4386, 45632656
4296, 45632656
4362, 45632656
4455, 45632656
4349, 45632656
4348, 45632656
4430, 45632656
4407, 45632656
4443, 45632656
4415, 45632656
4439, 45632656
4431, 45632656
4307, 45632656
4408, 45632656
4335, 45632656
4326, 45632656
4301, 45632656
4412, 45632656
4415, 45632656
4439, 45632656
4431, 45632656
4307, 45632656
4408, 45632656
4335, 45632656
4326, 45632656
4301, 45632656
4412, 45632656
4261, 45632656
4315, 45632656
4377, 45632656
4345, 45632656
4349, 45632656
4244, 45632656
4339, 45632656
4365, 45632656
4298, 45632656
4261, 45632656
4315, 45632656
4377, 45632656
4345, 45632656
4349, 45632656
4244, 45632656
4339, 45632656
4365, 45632656
4298, 45632656
4355, 45632656
4162, 45632656
4408, 45632656
4187, 45632656
4350, 45632656
4432, 45632656
4325, 45632656
4196, 45632656
4378, 45632656
4355, 45632656
4162, 45632656
4408, 45632656
4187, 45632656
4350, 45632656
4432, 45632656
4325, 45632656
4196, 45632656
4378, 45632656
