4680, 77309952
4801, 77309952
4917, 77309952
4866, 77309952
4895, 77309952
4612, 77309952
4904, 77309952
4891, 77309952
4703, 77309952
4680, 77309952
4801, 77309952
4917, 77309952
4866, 77309952
4895, 77309952
4612, 77309952
4904, 77309952
4891, 77309952
4703, 77309952
4813, 48655083
4848, 48655083
4836, 48655083
4741, 48655083
4851, 48655083
4693, 48655083
4876, 48655083
4690, 48655083
4848, 48655083
4813, 48655083
4848, 48655083
4836, 48655083
4741, 48655083
4851, 48655083
4693, 48655083
4876, 48655083
4690, 48655083
4848, 48655083
4845, 48655083
4630, 48655083
4624, 48655083
4700, 48655083
4787, 48655083
4619, 48655083
4863, 48655083
4813, 48655083
4792, 48655083
4845, 48655083
4630, 48655083
4624, 48655083
4700, 48655083
4787, 48655083
4619, 48655083
4863, 48655083
4813, 48655083
4792, 48655083
4749, 48655083
4827, 48655083
4896, 48655083
4733, 48655083
4683, 48655083
4794, 48655083
4882, 48655083
4691, 48655083
4806, 48655083
4749, 48655083
4827, 48655083
4896, 48655083
4733, 48655083
4683, 48655083
4794, 48655083
4882, 48655083
4691, 48655083
4806, 48655083
4858, 48655083
4646, 48655083
4741, 48655083
4716, 48655083
4746, 48655083
4633, 48655083
4717, 48655083
4676, 48655083
4822, 48655083
4858, 48655083
4646, 48655083
4741, 48655083
4716, 48655083
4746, 48655083
4633, 48655083
4717, 48655083
4676, 48655083
4822, 48655083
4834, 48655083
4859, 48655083
4887, 48655083
4681, 48655083
4888, 48655083
4669, 48655083
4823, 48655083
4683, 48655083
4845, 48655083
4834, 48655083
4859, 48655083
4887, 48655083
4681, 48655083
4888, 48655083
4669, 48655083
4823, 48655083
4683, 48655083
4845, 48655083
