4727, 77309952
4697, 77309952
4849, 77309952
4865, 77309952
4867, 77309952
4772, 77309952
4961, 77309952
4774, 77309952
4766, 77309952
4727, 77309952
4697, 77309952
4849, 77309952
4865, 77309952
4867, 77309952
4772, 77309952
4961, 77309952
4774, 77309952
4766, 77309952
4875, 77309952
4836, 77309952
4703, 77309952
4587, 77309952
4847, 77309952
4758, 77309952
4801, 77309952
4686, 77309952
4791, 77309952
4875, 77309952
4836, 77309952
4703, 77309952
4587, 77309952
4847, 77309952
4758, 77309952
4801, 77309952
4686, 77309952
4791, 77309952
4792, 77309952
4783, 77309952
4786, 77309952
4872, 77309952
4855, 77309952
4668, 77309952
4953, 77309952
4899, 77309952
4889, 77309952
4792, 77309952
4783, 77309952
4786, 77309952
4872, 77309952
4855, 77309952
4668, 77309952
4953, 77309952
4899, 77309952
4889, 77309952
4946, 77309952
4890, 77309952
4904, 77309952
4816, 77309952
4795, 77309952
4798, 77309952
4768, 77309952
4688, 77309952
4988, 77309952
4946, 77309952
4890, 77309952
4904, 77309952
4816, 77309952
4795, 77309952
4798, 77309952
4768, 77309952
4688, 77309952
4988, 77309952
4868, 77309952
4849, 77309952
4826, 77309952
4668, 77309952
4791, 77309952
4752, 77309952
4953, 77309952
4960, 77309952
4857, 77309952
4868, 77309952
4849, 77309952
4826, 77309952
4668, 77309952
4791, 77309952
4752, 77309952
4953, 77309952
4960, 77309952
4857, 77309952
4970, 77309952
4909, 77309952
4958, 77309952
4771, 77309952
4827, 77309952
4894, 77309952
4829, 77309952
4741, 77309952
4949, 77309952
4970, 77309952
4909, 77309952
4958, 77309952
4771, 77309952
4827, 77309952
4894, 77309952
4829, 77309952
4741, 77309952
4949, 77309952
