4272, 45632656
4339, 45632656
4458, 45632656
4439, 45632656
4450, 45632656
4254, 45632656
4360, 45632656
4450, 45632656
4416, 45632656
4315, 45632656
4272, 45632656
4339, 45632656
4458, 45632656
4439, 45632656
4450, 45632656
4254, 45632656
4360, 45632656
4450, 45632656
4416, 45632656
4315, 45632656
4402, 45632656
4382, 45632656
4460, 45632656
4304, 45632656
4351, 45632656
4455, 45632656
4418, 45632656
4302, 45632656
4385, 45632656
4402, 45632656
4382, 45632656
4460, 45632656
4304, 45632656
4351, 45632656
4455, 45632656
4418, 45632656
4302, 45632656
4385, 45632656
4437, 45632656
4348, 45632656
4439, 45632656
4358, 45632656
4428, 45632656
4312, 45632656
4400, 45632656
4435, 45632656
4439, 45632656
4437, 45632656
4348, 45632656
4439, 45632656
4358, 45632656
4428, 45632656
4312, 45632656
4400, 45632656
4435, 45632656
4439, 45632656
4410, 45632656
4443, 45632656
4436, 45632656
4363, 45632656
4391, 45632656
4413, 45632656
4451, 45632656
4337, 45632656
4423, 45632656
4410, 45632656
4443, 45632656
4436, 45632656
4363, 45632656
4391, 45632656
4413, 45632656
4451, 45632656
4337, 45632656
4423, 45632656
4401, 45632656
4294, 45632656
4420, 45632656
4357, 45632656
4326, 45632656
4303, 45632656
4384, 45632656
4405, 45632656
4353, 45632656
4401, 45632656
4294, 45632656
4420, 45632656
4357, 45632656
4326, 45632656
4303, 45632656
4384, 45632656
4405, 45632656
4353, 45632656
4154, 45632656
4409, 45632656
4336, 45632656
4300, 45632656
4387, 45632656
4409, 45632656
4402, 45632656
4344, 45632656
4416, 45632656
4154, 45632656
4409, 45632656
4336, 45632656
4300, 45632656
4387, 45632656
4409, 45632656
4402, 45632656
4344, 45632656
4416, 45632656
