4127, 77309952
4222, 77309952
4152, 77309952
4250, 77309952
4268, 77309952
4245, 77309952
4164, 77309952
4267, 77309952
4247, 77309952
4127, 77309952
4222, 77309952
4152, 77309952
4250, 77309952
4268, 77309952
4245, 77309952
4164, 77309952
4267, 77309952
4247, 77309952
3860, 49028307
3877, 49028307
3929, 49028307
3985, 49028307
3875, 49028307
3962, 49028307
3931, 49028307
3778, 49028307
3911, 49028307
3860, 49028307
3877, 49028307
3929, 49028307
3985, 49028307
3875, 49028307
3962, 49028307
3931, 49028307
3778, 49028307
3911, 49028307
3929, 48927963
3954, 48927963
3895, 48927963
4000, 48927963
3924, 48927963
3910, 48927963
3915, 48927963
3925, 48927963
3911, 48927963
3929, 48927963
3954, 48927963
3895, 48927963
4000, 48927963
3924, 48927963
3910, 48927963
3915, 48927963
3925, 48927963
3911, 48927963
3900, 49159371
3902, 49159371
3896, 49159371
3928, 49159371
3860, 49159371
3927, 49159371
3937, 49159371
3892, 49159371
3857, 49159371
3900, 49159371
3902, 49159371
3896, 49159371
3928, 49159371
3860, 49159371
3927, 49159371
3937, 49159371
3892, 49159371
3857, 49159371
3959, 49159371
3898, 49159371
3858, 49159371
3944, 49159371
3909, 49159371
3920, 49159371
3891, 49159371
3934, 49159371
3941, 49159371
3959, 49159371
3898, 49159371
3858, 49159371
3944, 49159371
3909, 49159371
3920, 49159371
3891, 49159371
3934, 49159371
3941, 49159371
3830, 49159371
3918, 49159371
3917, 49159371
3959, 49159371
3864, 49159371
3936, 49159371
3938, 49159371
3943, 49159371
3894, 49159371
3830, 49159371
3918, 49159371
3917, 49159371
3959, 49159371
3864, 49159371
3936, 49159371
3938, 49159371
3943, 49159371
3894, 49159371
