4232, 77309952
4230, 77309952
4202, 77309952
4211, 77309952
4302, 77309952
4204, 77309952
4249, 77309952
4233, 77309952
4247, 77309952
4232, 77309952
4230, 77309952
4202, 77309952
4211, 77309952
4302, 77309952
4204, 77309952
4249, 77309952
4233, 77309952
4247, 77309952
4127, 77309952
4205, 77309952
4204, 77309952
4183, 77309952
4245, 77309952
4275, 77309952
4117, 77309952
4176, 77309952
4245, 77309952
4127, 77309952
4205, 77309952
4204, 77309952
4183, 77309952
4245, 77309952
4275, 77309952
4117, 77309952
4176, 77309952
4245, 77309952
4268, 77309952
4208, 77309952
4182, 77309952
4227, 77309952
4247, 77309952
4049, 77309952
4191, 77309952
4241, 77309952
4255, 77309952
4268, 77309952
4208, 77309952
4182, 77309952
4227, 77309952
4247, 77309952
4049, 77309952
4191, 77309952
4241, 77309952
4255, 77309952
4158, 77309952
4270, 77309952
4249, 77309952
4242, 77309952
4202, 77309952
4183, 77309952
4286, 77309952
4213, 77309952
4195, 77309952
4158, 77309952
4270, 77309952
4249, 77309952
4242, 77309952
4202, 77309952
4183, 77309952
4286, 77309952
4213, 77309952
4195, 77309952
4170, 77309952
4226, 77309952
4256, 77309952
4292, 77309952
4263, 77309952
4115, 77309952
4253, 77309952
4228, 77309952
4279, 77309952
4170, 77309952
4226, 77309952
4256, 77309952
4292, 77309952
4263, 77309952
4115, 77309952
4253, 77309952
4228, 77309952
4279, 77309952
4147, 77309952
4183, 77309952
4248, 77309952
4243, 77309952
4239, 77309952
4263, 77309952
4218, 77309952
4191, 77309952
4164, 77309952
4147, 77309952
4183, 77309952
4248, 77309952
4243, 77309952
4239, 77309952
4263, 77309952
4218, 77309952
4191, 77309952
4164, 77309952
