2744, 45632656
2746, 45632656
2734, 45632656
2761, 45632656
2760, 45632656
2759, 45632656
2747, 45632656
2765, 45632656
2723, 45632656
2744, 45632656
2746, 45632656
2734, 45632656
2761, 45632656
2760, 45632656
2759, 45632656
2747, 45632656
2765, 45632656
2723, 45632656
2720, 45632656
2730, 45632656
2738, 45632656
2740, 45632656
2725, 45632656
2777, 45632656
2741, 45632656
2693, 45632656
2751, 45632656
2720, 45632656
2730, 45632656
2738, 45632656
2740, 45632656
2725, 45632656
2777, 45632656
2741, 45632656
2693, 45632656
2751, 45632656
2738, 45632656
2724, 45632656
2726, 45632656
2722, 45632656
2717, 45632656
2783, 45632656
2732, 45632656
2709, 45632656
2737, 45632656
2738, 45632656
2724, 45632656
2726, 45632656
2722, 45632656
2717, 45632656
2783, 45632656
2732, 45632656
2709, 45632656
2737, 45632656
2736, 45632656
2715, 45632656
2714, 45632656
2746, 45632656
2780, 45632656
2749, 45632656
2781, 45632656
2758, 45632656
2730, 45632656
2736, 45632656
2715, 45632656
2714, 45632656
2746, 45632656
2780, 45632656
2749, 45632656
2781, 45632656
2758, 45632656
2730, 45632656
2762, 45632656
2730, 45632656
2743, 45632656
2728, 45632656
2771, 45632656
2755, 45632656
2769, 45632656
2705, 45632656
2786, 45632656
2762, 45632656
2730, 45632656
2743, 45632656
2728, 45632656
2771, 45632656
2755, 45632656
2769, 45632656
2705, 45632656
2786, 45632656
2744, 45632656
2752, 45632656
2745, 45632656
2747, 45632656
2754, 45632656
2759, 45632656
2758, 45632656
2722, 45632656
2767, 45632656
2744, 45632656
2752, 45632656
2745, 45632656
2747, 45632656
2754, 45632656
2759, 45632656
2758, 45632656
2722, 45632656
2767, 45632656
