4795, 77309952
4789, 77309952
4698, 77309952
4852, 77309952
4841, 77309952
4924, 77309952
4763, 77309952
4831, 77309952
4811, 77309952
4795, 77309952
4789, 77309952
4698, 77309952
4852, 77309952
4841, 77309952
4924, 77309952
4763, 77309952
4831, 77309952
4811, 77309952
4615, 49509555
4888, 49509555
4689, 49509555
4796, 49509555
4582, 49509555
4843, 49509555
4819, 49509555
4854, 49509555
4610, 49509555
4615, 49509555
4888, 49509555
4689, 49509555
4796, 49509555
4582, 49509555
4843, 49509555
4819, 49509555
4854, 49509555
4610, 49509555
4645, 49509555
4745, 49509555
4661, 49509555
4840, 49509555
4846, 49509555
4821, 49509555
4710, 49509555
4782, 49509555
4834, 49509555
4645, 49509555
4745, 49509555
4661, 49509555
4840, 49509555
4846, 49509555
4821, 49509555
4710, 49509555
4782, 49509555
4834, 49509555
4641, 49509555
4693, 49509555
4837, 49509555
4907, 49509555
4654, 49509555
4631, 49509555
4699, 49509555
4608, 49509555
4598, 49509555
4641, 49509555
4693, 49509555
4837, 49509555
4907, 49509555
4654, 49509555
4631, 49509555
4699, 49509555
4608, 49509555
4598, 49509555
4767, 49509555
4712, 49509555
4623, 49509555
4815, 49509555
4718, 49509555
4771, 49509555
4629, 49509555
4779, 49509555
4847, 49509555
4767, 49509555
4712, 49509555
4623, 49509555
4815, 49509555
4718, 49509555
4771, 49509555
4629, 49509555
4779, 49509555
4847, 49509555
4697, 49509555
4704, 49509555
4839, 49509555
4661, 49509555
4712, 49509555
4754, 49509555
4769, 49509555
4798, 49509555
4632, 49509555
4697, 49509555
4704, 49509555
4839, 49509555
4661, 49509555
4712, 49509555
4754, 49509555
4769, 49509555
4798, 49509555
4632, 49509555
