4768, 77309952
4705, 77309952
4874, 77309952
4843, 77309952
4848, 77309952
4693, 77309952
4817, 77309952
4821, 77309952
4700, 77309952
4768, 77309952
4705, 77309952
4874, 77309952
4843, 77309952
4848, 77309952
4693, 77309952
4817, 77309952
4821, 77309952
4700, 77309952
4757, 77309952
4813, 77309952
4870, 77309952
4722, 77309952
4738, 77309952
4768, 77309952
4813, 77309952
4771, 77309952
4895, 77309952
4757, 77309952
4813, 77309952
4870, 77309952
4722, 77309952
4738, 77309952
4768, 77309952
4813, 77309952
4771, 77309952
4895, 77309952
4787, 77309952
4720, 77309952
4834, 77309952
4876, 77309952
4938, 77309952
4786, 77309952
4727, 77309952
4821, 77309952
4856, 77309952
4787, 77309952
4720, 77309952
4834, 77309952
4876, 77309952
4938, 77309952
4786, 77309952
4727, 77309952
4821, 77309952
4856, 77309952
4738, 77309952
4894, 77309952
4796, 77309952
4705, 77309952
4901, 77309952
4900, 77309952
4828, 77309952
4757, 77309952
4807, 77309952
4738, 77309952
4894, 77309952
4796, 77309952
4705, 77309952
4901, 77309952
4900, 77309952
4828, 77309952
4757, 77309952
4807, 77309952
4848, 77309952
4616, 77309952
4925, 77309952
4926, 77309952
4650, 77309952
4696, 77309952
4914, 77309952
4846, 77309952
4816, 77309952
4848, 77309952
4616, 77309952
4925, 77309952
4926, 77309952
4650, 77309952
4696, 77309952
4914, 77309952
4846, 77309952
4816, 77309952
4690, 77309952
4937, 77309952
4728, 77309952
4707, 77309952
4902, 77309952
4873, 77309952
4853, 77309952
4725, 77309952
4857, 77309952
4690, 77309952
4937, 77309952
4728, 77309952
4707, 77309952
4902, 77309952
4873, 77309952
4853, 77309952
4725, 77309952
4857, 77309952
