4287, 45632656
4267, 45632656
4331, 45632656
4347, 45632656
4255, 45632656
4274, 45632656
4194, 45632656
4358, 45632656
4354, 45632656
4287, 45632656
4267, 45632656
4331, 45632656
4347, 45632656
4255, 45632656
4274, 45632656
4194, 45632656
4358, 45632656
4354, 45632656
4291, 45632656
4356, 45632656
4392, 45632656
4325, 45632656
4337, 45632656
4284, 45632656
4326, 45632656
4307, 45632656
4319, 45632656
4291, 45632656
4356, 45632656
4392, 45632656
4325, 45632656
4337, 45632656
4284, 45632656
4326, 45632656
4307, 45632656
4319, 45632656
4313, 45632656
4189, 45632656
4318, 45632656
4413, 45632656
4387, 45632656
4237, 45632656
4196, 45632656
4239, 45632656
4302, 45632656
4313, 45632656
4189, 45632656
4318, 45632656
4413, 45632656
4387, 45632656
4237, 45632656
4196, 45632656
4239, 45632656
4302, 45632656
4148, 45632656
4217, 45632656
4381, 45632656
4331, 45632656
4349, 45632656
4312, 45632656
4354, 45632656
4297, 45632656
4338, 45632656
4148, 45632656
4217, 45632656
4381, 45632656
4331, 45632656
4349, 45632656
4312, 45632656
4354, 45632656
4297, 45632656
4338, 45632656
4312, 45632656
4249, 45632656
4313, 45632656
4290, 45632656
4285, 45632656
4290, 45632656
4333, 45632656
4352, 45632656
4385, 45632656
4312, 45632656
4249, 45632656
4313, 45632656
4290, 45632656
4285, 45632656
4290, 45632656
4333, 45632656
4352, 45632656
4385, 45632656
4354, 45632656
4187, 45632656
4225, 45632656
4293, 45632656
4351, 45632656
4357, 45632656
4316, 45632656
4215, 45632656
4337, 45632656
4354, 45632656
4187, 45632656
4225, 45632656
4293, 45632656
4351, 45632656
4357, 45632656
4316, 45632656
4215, 45632656
4337, 45632656
