4390, 77309952
4489, 77309952
4373, 77309952
4462, 77309952
4519, 77309952
4480, 77309952
4385, 77309952
4451, 77309952
4539, 77309952
4390, 77309952
4489, 77309952
4373, 77309952
4462, 77309952
4519, 77309952
4480, 77309952
4385, 77309952
4451, 77309952
4539, 77309952
4171, 49007835
4288, 49007835
4343, 49007835
4135, 49007835
4261, 49007835
4349, 49007835
4340, 49007835
4316, 49007835
4201, 49007835
4171, 49007835
4288, 49007835
4343, 49007835
4135, 49007835
4261, 49007835
4349, 49007835
4340, 49007835
4316, 49007835
4201, 49007835
4315, 49007835
4288, 49007835
4242, 49007835
4209, 49007835
4264, 49007835
4202, 49007835
4261, 49007835
4307, 49007835
4318, 49007835
4315, 49007835
4288, 49007835
4242, 49007835
4209, 49007835
4264, 49007835
4202, 49007835
4261, 49007835
4307, 49007835
4318, 49007835
4155, 49007835
4227, 49007835
4313, 49007835
4219, 49007835
4215, 49007835
4259, 49007835
4359, 49007835
4297, 49007835
4169, 49007835
4155, 49007835
4227, 49007835
4313, 49007835
4219, 49007835
4215, 49007835
4259, 49007835
4359, 49007835
4297, 49007835
4169, 49007835
4282, 49007835
4252, 49007835
4220, 49007835
4254, 49007835
4181, 49007835
4292, 49007835
4251, 49007835
4318, 49007835
4291, 49007835
4282, 49007835
4252, 49007835
4220, 49007835
4254, 49007835
4181, 49007835
4292, 49007835
4251, 49007835
4318, 49007835
4291, 49007835
4196, 49007835
4302, 49007835
4335, 49007835
4304, 49007835
4218, 49007835
4304, 49007835
4373, 49007835
4318, 49007835
4214, 49007835
4196, 49007835
4302, 49007835
4335, 49007835
4304, 49007835
4218, 49007835
4304, 49007835
4373, 49007835
4318, 49007835
4214, 49007835
