4323, 77309952
4356, 77309952
4485, 77309952
4537, 77309952
4479, 77309952
4355, 77309952
4348, 77309952
4447, 77309952
4486, 77309952
4323, 77309952
4356, 77309952
4485, 77309952
4537, 77309952
4479, 77309952
4355, 77309952
4348, 77309952
4447, 77309952
4486, 77309952
4448, 77309952
4488, 77309952
4301, 77309952
4341, 77309952
4490, 77309952
4542, 77309952
4367, 77309952
4337, 77309952
4510, 77309952
4448, 77309952
4488, 77309952
4301, 77309952
4341, 77309952
4490, 77309952
4542, 77309952
4367, 77309952
4337, 77309952
4510, 77309952
4499, 77309952
4367, 77309952
4466, 77309952
4509, 77309952
4427, 77309952
4328, 77309952
4410, 77309952
4494, 77309952
4493, 77309952
4499, 77309952
4367, 77309952
4466, 77309952
4509, 77309952
4427, 77309952
4328, 77309952
4410, 77309952
4494, 77309952
4493, 77309952
4461, 77309952
4503, 77309952
4491, 77309952
4311, 77309952
4505, 77309952
4519, 77309952
4508, 77309952
4426, 77309952
4438, 77309952
4461, 77309952
4503, 77309952
4491, 77309952
4311, 77309952
4505, 77309952
4519, 77309952
4508, 77309952
4426, 77309952
4438, 77309952
4485, 77309952
4380, 77309952
4453, 77309952
4489, 77309952
4516, 77309952
4411, 77309952
4472, 77309952
4496, 77309952
4448, 77309952
4485, 77309952
4380, 77309952
4453, 77309952
4489, 77309952
4516, 77309952
4411, 77309952
4472, 77309952
4496, 77309952
4448, 77309952
4527, 77309952
4459, 77309952
4467, 77309952
4330, 77309952
4472, 77309952
4486, 77309952
4398, 77309952
4333, 77309952
4418, 77309952
4527, 77309952
4459, 77309952
4467, 77309952
4330, 77309952
4472, 77309952
4486, 77309952
4398, 77309952
4333, 77309952
4418, 77309952
