3237, 45632656
3208, 45632656
3226, 45632656
3254, 45632656
3234, 45632656
3223, 45632656
3201, 45632656
3191, 45632656
3247, 45632656
3237, 45632656
3208, 45632656
3226, 45632656
3254, 45632656
3234, 45632656
3223, 45632656
3201, 45632656
3191, 45632656
3247, 45632656
3200, 45632656
3198, 45632656
3205, 45632656
3167, 45632656
3185, 45632656
3110, 45632656
3247, 45632656
3217, 45632656
3176, 45632656
3200, 45632656
3198, 45632656
3205, 45632656
3167, 45632656
3185, 45632656
3110, 45632656
3247, 45632656
3217, 45632656
3176, 45632656
3239, 45632656
3251, 45632656
3189, 45632656
3210, 45632656
3210, 45632656
3179, 45632656
3229, 45632656
3200, 45632656
3218, 45632656
3239, 45632656
3251, 45632656
3189, 45632656
3210, 45632656
3210, 45632656
3179, 45632656
3229, 45632656
3200, 45632656
3218, 45632656
3192, 45632656
3210, 45632656
3238, 45632656
3250, 45632656
3187, 45632656
3195, 45632656
3270, 45632656
3176, 45632656
3181, 45632656
3192, 45632656
3210, 45632656
3238, 45632656
3250, 45632656
3187, 45632656
3195, 45632656
3270, 45632656
3176, 45632656
3181, 45632656
3221, 45632656
3216, 45632656
3195, 45632656
3210, 45632656
3207, 45632656
3189, 45632656
3175, 45632656
3211, 45632656
3200, 45632656
3221, 45632656
3216, 45632656
3195, 45632656
3210, 45632656
3207, 45632656
3189, 45632656
3175, 45632656
3211, 45632656
3200, 45632656
3198, 45632656
3239, 45632656
3235, 45632656
3219, 45632656
3199, 45632656
3197, 45632656
3277, 45632656
3220, 45632656
3212, 45632656
3198, 45632656
3239, 45632656
3235, 45632656
3219, 45632656
3199, 45632656
3197, 45632656
3277, 45632656
3220, 45632656
3212, 45632656
