4913, 77309952
4791, 77309952
4892, 77309952
4928, 77309952
4851, 77309952
4698, 77309952
4793, 77309952
4802, 77309952
4750, 77309952
4913, 77309952
4791, 77309952
4892, 77309952
4928, 77309952
4851, 77309952
4698, 77309952
4793, 77309952
4802, 77309952
4750, 77309952
4705, 48655083
4824, 48655083
4694, 48655083
4713, 48655083
4822, 48655083
4908, 48655083
4810, 48655083
4566, 48655083
4592, 48655083
4705, 48655083
4824, 48655083
4694, 48655083
4713, 48655083
4822, 48655083
4908, 48655083
4810, 48655083
4566, 48655083
4592, 48655083
4699, 48655083
4749, 48655083
4844, 48655083
4893, 48655083
4829, 48655083
4698, 48655083
4839, 48655083
4890, 48655083
4820, 48655083
4699, 48655083
4749, 48655083
4844, 48655083
4893, 48655083
4829, 48655083
4698, 48655083
4839, 48655083
4890, 48655083
4820, 48655083
4856, 48655083
4829, 48655083
4878, 48655083
4630, 48655083
4753, 48655083
4783, 48655083
4686, 48655083
4552, 48655083
4763, 48655083
4856, 48655083
4829, 48655083
4878, 48655083
4630, 48655083
4753, 48655083
4783, 48655083
4686, 48655083
4552, 48655083
4763, 48655083
4564, 48655083
4667, 48655083
4801, 48655083
4738, 48655083
4734, 48655083
4753, 48655083
4829, 48655083
4828, 48655083
4711, 48655083
4564, 48655083
4667, 48655083
4801, 48655083
4738, 48655083
4734, 48655083
4753, 48655083
4829, 48655083
4828, 48655083
4711, 48655083
4785, 48655083
4817, 48655083
4821, 48655083
4725, 48655083
4904, 48655083
4713, 48655083
4750, 48655083
4723, 48655083
4761, 48655083
4785, 48655083
4817, 48655083
4821, 48655083
4725, 48655083
4904, 48655083
4713, 48655083
4750, 48655083
4723, 48655083
4761, 48655083
