4842, 77309952
4712, 77309952
4888, 77309952
4852, 77309952
4951, 77309952
4754, 77309952
4797, 77309952
4852, 77309952
4798, 77309952
4842, 77309952
4712, 77309952
4888, 77309952
4852, 77309952
4951, 77309952
4754, 77309952
4797, 77309952
4852, 77309952
4798, 77309952
4851, 77309952
4680, 77309952
4643, 77309952
4794, 77309952
4872, 77309952
4892, 77309952
4884, 77309952
4751, 77309952
4924, 77309952
4851, 77309952
4680, 77309952
4643, 77309952
4794, 77309952
4872, 77309952
4892, 77309952
4884, 77309952
4751, 77309952
4924, 77309952
4823, 77309952
4774, 77309952
4914, 77309952
4917, 77309952
4756, 77309952
4739, 77309952
4811, 77309952
4879, 77309952
4825, 77309952
4823, 77309952
4774, 77309952
4914, 77309952
4917, 77309952
4756, 77309952
4739, 77309952
4811, 77309952
4879, 77309952
4825, 77309952
4925, 77309952
4807, 77309952
4799, 77309952
4766, 77309952
4931, 77309952
4884, 77309952
4831, 77309952
4719, 77309952
4774, 77309952
4925, 77309952
4807, 77309952
4799, 77309952
4766, 77309952
4931, 77309952
4884, 77309952
4831, 77309952
4719, 77309952
4774, 77309952
4877, 77309952
4766, 77309952
4863, 77309952
4955, 77309952
4896, 77309952
4772, 77309952
4866, 77309952
4912, 77309952
4900, 77309952
4877, 77309952
4766, 77309952
4863, 77309952
4955, 77309952
4896, 77309952
4772, 77309952
4866, 77309952
4912, 77309952
4900, 77309952
4802, 77309952
4896, 77309952
4845, 77309952
4669, 77309952
4858, 77309952
4847, 77309952
4877, 77309952
4771, 77309952
4865, 77309952
4802, 77309952
4896, 77309952
4845, 77309952
4669, 77309952
4858, 77309952
4847, 77309952
4877, 77309952
4771, 77309952
4865, 77309952
