4342, 45632656
4349, 45632656
4425, 45632656
4482, 45632656
4441, 45632656
4328, 45632656
4378, 45632656
4447, 45632656
4441, 45632656
4342, 45632656
4349, 45632656
4425, 45632656
4482, 45632656
4441, 45632656
4328, 45632656
4378, 45632656
4447, 45632656
4441, 45632656
4427, 45632656
4480, 45632656
4264, 45632656
4335, 45632656
4418, 45632656
4369, 45632656
4351, 45632656
4270, 45632656
4319, 45632656
4427, 45632656
4480, 45632656
4264, 45632656
4335, 45632656
4418, 45632656
4369, 45632656
4351, 45632656
4270, 45632656
4319, 45632656
4458, 45632656
4356, 45632656
4463, 45632656
4490, 45632656
4385, 45632656
4367, 45632656
4404, 45632656
4431, 45632656
4355, 45632656
4458, 45632656
4356, 45632656
4463, 45632656
4490, 45632656
4385, 45632656
4367, 45632656
4404, 45632656
4431, 45632656
4355, 45632656
4361, 45632656
4465, 45632656
4427, 45632656
4301, 45632656
4384, 45632656
4434, 45632656
4407, 45632656
4329, 45632656
4468, 45632656
4361, 45632656
4465, 45632656
4427, 45632656
4301, 45632656
4384, 45632656
4434, 45632656
4407, 45632656
4329, 45632656
4468, 45632656
4418, 45632656
4380, 45632656
4423, 45632656
4427, 45632656
4409, 45632656
4299, 45632656
4422, 45632656
4460, 45632656
4445, 45632656
4418, 45632656
4380, 45632656
4423, 45632656
4427, 45632656
4409, 45632656
4299, 45632656
4422, 45632656
4460, 45632656
4445, 45632656
4438, 45632656
4454, 45632656
4477, 45632656
4371, 45632656
4442, 45632656
4457, 45632656
4381, 45632656
4306, 45632656
4424, 45632656
4438, 45632656
4454, 45632656
4477, 45632656
4371, 45632656
4442, 45632656
4457, 45632656
4381, 45632656
4306, 45632656
4424, 45632656
