3718, 77309952
3700, 77309952
3758, 77309952
3729, 77309952
3716, 77309952
3670, 77309952
3749, 77309952
3729, 77309952
3670, 77309952
3718, 77309952
3700, 77309952
3758, 77309952
3729, 77309952
3716, 77309952
3670, 77309952
3749, 77309952
3729, 77309952
3670, 77309952
2563, 49012707
2577, 49012707
2545, 49012707
2481, 49012707
2583, 49012707
2602, 49012707
2580, 49012707
2547, 49012707
2545, 49012707
2563, 49012707
2577, 49012707
2545, 49012707
2481, 49012707
2583, 49012707
2602, 49012707
2580, 49012707
2547, 49012707
2545, 49012707
2549, 48992235
2570, 48992235
2555, 48992235
2533, 48992235
2582, 48992235
2559, 48992235
2585, 48992235
2567, 48992235
2534, 48992235
2549, 48992235
2570, 48992235
2555, 48992235
2533, 48992235
2582, 48992235
2559, 48992235
2585, 48992235
2567, 48992235
2534, 48992235
2563, 48992235
2563, 48992235
2536, 48992235
2520, 48992235
2566, 48992235
2596, 48992235
2587, 48992235
2515, 48992235
2527, 48992235
2563, 48992235
2563, 48992235
2536, 48992235
2520, 48992235
2566, 48992235
2596, 48992235
2587, 48992235
2515, 48992235
2527, 48992235
2542, 48992235
2594, 48992235
2538, 48992235
2468, 48992235
2566, 48992235
2574, 48992235
2589, 48992235
2529, 48992235
2528, 48992235
2542, 48992235
2594, 48992235
2538, 48992235
2468, 48992235
2566, 48992235
2574, 48992235
2589, 48992235
2529, 48992235
2528, 48992235
2534, 48992235
2588, 48992235
2530, 48992235
2504, 48992235
2597, 48992235
2592, 48992235
2569, 48992235
2534, 48992235
2534, 48992235
2534, 48992235
2588, 48992235
2530, 48992235
2504, 48992235
2597, 48992235
2592, 48992235
2569, 48992235
2534, 48992235
2534, 48992235
