3643, 77309952
3735, 77309952
3701, 77309952
3694, 77309952
3673, 77309952
3705, 77309952
3722, 77309952
3685, 77309952
3691, 77309952
3643, 77309952
3735, 77309952
3701, 77309952
3694, 77309952
3673, 77309952
3705, 77309952
3722, 77309952
3685, 77309952
3691, 77309952
3683, 77309952
3696, 77309952
3658, 77309952
3718, 77309952
3720, 77309952
3716, 77309952
3662, 77309952
3689, 77309952
3636, 77309952
3683, 77309952
3696, 77309952
3658, 77309952
3718, 77309952
3720, 77309952
3716, 77309952
3662, 77309952
3689, 77309952
3636, 77309952
3679, 77309952
3688, 77309952
3692, 77309952
3706, 77309952
3632, 77309952
3733, 77309952
3704, 77309952
3690, 77309952
3666, 77309952
3679, 77309952
3688, 77309952
3692, 77309952
3706, 77309952
3632, 77309952
3733, 77309952
3704, 77309952
3690, 77309952
3666, 77309952
3690, 77309952
3698, 77309952
3679, 77309952
3716, 77309952
3692, 77309952
3719, 77309952
3676, 77309952
3668, 77309952
3701, 77309952
3690, 77309952
3698, 77309952
3679, 77309952
3716, 77309952
3692, 77309952
3719, 77309952
3676, 77309952
3668, 77309952
3701, 77309952
3659, 77309952
3741, 77309952
3713, 77309952
3694, 77309952
3675, 77309952
3683, 77309952
3713, 77309952
3727, 77309952
3692, 77309952
3659, 77309952
3741, 77309952
3713, 77309952
3694, 77309952
3675, 77309952
3683, 77309952
3713, 77309952
3727, 77309952
3692, 77309952
3720, 77309952
3683, 77309952
3646, 77309952
3710, 77309952
3648, 77309952
3735, 77309952
3707, 77309952
3731, 77309952
3715, 77309952
3720, 77309952
3683, 77309952
3646, 77309952
3710, 77309952
3648, 77309952
3735, 77309952
3707, 77309952
3731, 77309952
3715, 77309952
