1988, 45632656
1998, 45632656
1994, 45632656
1999, 45632656
2000, 45632656
2023, 45632656
1974, 45632656
1980, 45632656
2005, 45632656
1988, 45632656
1998, 45632656
1994, 45632656
1999, 45632656
2000, 45632656
2023, 45632656
1974, 45632656
1980, 45632656
2005, 45632656
1999, 45632656
2014, 45632656
1989, 45632656
1996, 45632656
1993, 45632656
1951, 45632656
1987, 45632656
1982, 45632656
1994, 45632656
1999, 45632656
2014, 45632656
1989, 45632656
1996, 45632656
1993, 45632656
1951, 45632656
1987, 45632656
1982, 45632656
1994, 45632656
1968, 45632656
2013, 45632656
2008, 45632656
2010, 45632656
2013, 45632656
2016, 45632656
1974, 45632656
1999, 45632656
2007, 45632656
1968, 45632656
2013, 45632656
2008, 45632656
2010, 45632656
2013, 45632656
2016, 45632656
1974, 45632656
1999, 45632656
2007, 45632656
1969, 45632656
2004, 45632656
1918, 45632656
1995, 45632656
2009, 45632656
2018, 45632656
1998, 45632656
1994, 45632656
2009, 45632656
1969, 45632656
2004, 45632656
1918, 45632656
1995, 45632656
2009, 45632656
2018, 45632656
1998, 45632656
1994, 45632656
2009, 45632656
1987, 45632656
2014, 45632656
2006, 45632656
2007, 45632656
1972, 45632656
2013, 45632656
2010, 45632656
2013, 45632656
2000, 45632656
1987, 45632656
2014, 45632656
2006, 45632656
2007, 45632656
1972, 45632656
2013, 45632656
2010, 45632656
2013, 45632656
2000, 45632656
2008, 45632656
2023, 45632656
1981, 45632656
1999, 45632656
2005, 45632656
2016, 45632656
1988, 45632656
1999, 45632656
1993, 45632656
2008, 45632656
2023, 45632656
1981, 45632656
1999, 45632656
2005, 45632656
2016, 45632656
1988, 45632656
1999, 45632656
1993, 45632656
