4043, 77309952
4082, 77309952
3979, 77309952
4029, 77309952
4042, 77309952
4064, 77309952
3989, 77309952
4062, 77309952
4021, 77309952
4043, 77309952
4082, 77309952
3979, 77309952
4029, 77309952
4042, 77309952
4064, 77309952
3989, 77309952
4062, 77309952
4021, 77309952
3509, 48907491
3540, 48907491
3534, 48907491
3573, 48907491
3504, 48907491
3536, 48907491
3582, 48907491
3585, 48907491
3452, 48907491
3509, 48907491
3540, 48907491
3534, 48907491
3573, 48907491
3504, 48907491
3536, 48907491
3582, 48907491
3585, 48907491
3452, 48907491
3575, 48927963
3418, 48927963
3524, 48927963
3584, 48927963
3529, 48927963
3522, 48927963
3521, 48927963
3554, 48927963
3518, 48927963
3575, 48927963
3418, 48927963
3524, 48927963
3584, 48927963
3529, 48927963
3522, 48927963
3521, 48927963
3554, 48927963
3518, 48927963
3545, 49059027
3543, 49059027
3558, 49059027
3536, 49059027
3486, 49059027
3539, 49059027
3569, 49059027
3531, 49059027
3517, 49059027
3545, 49059027
3543, 49059027
3558, 49059027
3536, 49059027
3486, 49059027
3539, 49059027
3569, 49059027
3531, 49059027
3517, 49059027
3606, 49059027
3529, 49059027
3499, 49059027
3516, 49059027
3529, 49059027
3532, 49059027
3525, 49059027
3533, 49059027
3539, 49059027
3606, 49059027
3529, 49059027
3499, 49059027
3516, 49059027
3529, 49059027
3532, 49059027
3525, 49059027
3533, 49059027
3539, 49059027
3527, 49059027
3581, 49059027
3537, 49059027
3472, 49059027
3490, 49059027
3496, 49059027
3544, 49059027
3564, 49059027
3493, 49059027
3527, 49059027
3581, 49059027
3537, 49059027
3472, 49059027
3490, 49059027
3496, 49059027
3544, 49059027
3564, 49059027
3493, 49059027
