4009, 77309952
4022, 77309952
4010, 77309952
4049, 77309952
4008, 77309952
4037, 77309952
3980, 77309952
4060, 77309952
4067, 77309952
4009, 77309952
4022, 77309952
4010, 77309952
4049, 77309952
4008, 77309952
4037, 77309952
3980, 77309952
4060, 77309952
4067, 77309952
3960, 77309952
3981, 77309952
4001, 77309952
4002, 77309952
3871, 77309952
4010, 77309952
4017, 77309952
4009, 77309952
3934, 77309952
3960, 77309952
3981, 77309952
4001, 77309952
4002, 77309952
3871, 77309952
4010, 77309952
4017, 77309952
4009, 77309952
3934, 77309952
3900, 77309952
4016, 77309952
3982, 77309952
4048, 77309952
3994, 77309952
3987, 77309952
4030, 77309952
4013, 77309952
4041, 77309952
3900, 77309952
4016, 77309952
3982, 77309952
4048, 77309952
3994, 77309952
3987, 77309952
4030, 77309952
4013, 77309952
4041, 77309952
3995, 77309952
4027, 77309952
4076, 77309952
4051, 77309952
3989, 77309952
4040, 77309952
4021, 77309952
3966, 77309952
3981, 77309952
3995, 77309952
4027, 77309952
4076, 77309952
4051, 77309952
3989, 77309952
4040, 77309952
4021, 77309952
3966, 77309952
3981, 77309952
4063, 77309952
4004, 77309952
4015, 77309952
4097, 77309952
4064, 77309952
4029, 77309952
4006, 77309952
4035, 77309952
4054, 77309952
4063, 77309952
4004, 77309952
4015, 77309952
4097, 77309952
4064, 77309952
4029, 77309952
4006, 77309952
4035, 77309952
4054, 77309952
4028, 77309952
4060, 77309952
4033, 77309952
3966, 77309952
4010, 77309952
4062, 77309952
4073, 77309952
4062, 77309952
4025, 77309952
4028, 77309952
4060, 77309952
4033, 77309952
3966, 77309952
4010, 77309952
4062, 77309952
4073, 77309952
4062, 77309952
4025, 77309952
