2368, 45632656
2408, 45632656
2419, 45632656
2416, 45632656
2405, 45632656
2398, 45632656
2397, 45632656
2408, 45632656
2373, 45632656
2368, 45632656
2408, 45632656
2419, 45632656
2416, 45632656
2405, 45632656
2398, 45632656
2397, 45632656
2408, 45632656
2373, 45632656
2409, 45632656
2392, 45632656
2390, 45632656
2420, 45632656
2390, 45632656
2399, 45632656
2380, 45632656
2400, 45632656
2355, 45632656
2409, 45632656
2392, 45632656
2390, 45632656
2420, 45632656
2390, 45632656
2399, 45632656
2380, 45632656
2400, 45632656
2355, 45632656
2397, 45632656
2321, 45632656
2432, 45632656
2414, 45632656
2389, 45632656
2376, 45632656
2344, 45632656
2404, 45632656
2342, 45632656
2397, 45632656
2321, 45632656
2432, 45632656
2414, 45632656
2389, 45632656
2376, 45632656
2344, 45632656
2404, 45632656
2342, 45632656
2386, 45632656
2390, 45632656
2408, 45632656
2413, 45632656
2383, 45632656
2400, 45632656
2360, 45632656
2414, 45632656
2367, 45632656
2386, 45632656
2390, 45632656
2408, 45632656
2413, 45632656
2383, 45632656
2400, 45632656
2360, 45632656
2414, 45632656
2367, 45632656
2388, 45632656
2397, 45632656
2401, 45632656
2396, 45632656
2374, 45632656
2401, 45632656
2388, 45632656
2371, 45632656
2379, 45632656
2388, 45632656
2397, 45632656
2401, 45632656
2396, 45632656
2374, 45632656
2401, 45632656
2388, 45632656
2371, 45632656
2379, 45632656
2375, 45632656
2386, 45632656
2399, 45632656
2391, 45632656
2380, 45632656
2424, 45632656
2379, 45632656
2399, 45632656
2378, 45632656
2375, 45632656
2386, 45632656
2399, 45632656
2391, 45632656
2380, 45632656
2424, 45632656
2379, 45632656
2399, 45632656
2378, 45632656
