4762, 77309952
4839, 77309952
4858, 77309952
4852, 77309952
4857, 77309952
4907, 77309952
4773, 77309952
4965, 77309952
4791, 77309952
4762, 77309952
4839, 77309952
4858, 77309952
4852, 77309952
4857, 77309952
4907, 77309952
4773, 77309952
4965, 77309952
4791, 77309952
4682, 48655083
4618, 48655083
4824, 48655083
4879, 48655083
4785, 48655083
4858, 48655083
4871, 48655083
4790, 48655083
4688, 48655083
4682, 48655083
4618, 48655083
4824, 48655083
4879, 48655083
4785, 48655083
4858, 48655083
4871, 48655083
4790, 48655083
4688, 48655083
4794, 48655083
4776, 48655083
4705, 48655083
4718, 48655083
4647, 48655083
4630, 48655083
4693, 48655083
4771, 48655083
4894, 48655083
4794, 48655083
4776, 48655083
4705, 48655083
4718, 48655083
4647, 48655083
4630, 48655083
4693, 48655083
4771, 48655083
4894, 48655083
4769, 48655083
4826, 48655083
4870, 48655083
4829, 48655083
4714, 48655083
4897, 48655083
4689, 48655083
4680, 48655083
4830, 48655083
4769, 48655083
4826, 48655083
4870, 48655083
4829, 48655083
4714, 48655083
4897, 48655083
4689, 48655083
4680, 48655083
4830, 48655083
4812, 48655083
4877, 48655083
4703, 48655083
4869, 48655083
4861, 48655083
4869, 48655083
4790, 48655083
4854, 48655083
4850, 48655083
4812, 48655083
4877, 48655083
4703, 48655083
4869, 48655083
4861, 48655083
4869, 48655083
4790, 48655083
4854, 48655083
4850, 48655083
4557, 48655083
4713, 48655083
4840, 48655083
4817, 48655083
4719, 48655083
4887, 48655083
4850, 48655083
4709, 48655083
4732, 48655083
4557, 48655083
4713, 48655083
4840, 48655083
4817, 48655083
4719, 48655083
4887, 48655083
4850, 48655083
4709, 48655083
4732, 48655083
