4882, 77309952
4716, 77309952
4789, 77309952
4851, 77309952
4797, 77309952
4623, 77309952
4723, 77309952
4788, 77309952
4883, 77309952
4882, 77309952
4716, 77309952
4789, 77309952
4851, 77309952
4797, 77309952
4623, 77309952
4723, 77309952
4788, 77309952
4883, 77309952
4848, 77309952
4766, 77309952
4703, 77309952
4659, 77309952
4865, 77309952
4855, 77309952
4815, 77309952
4601, 77309952
4914, 77309952
4848, 77309952
4766, 77309952
4703, 77309952
4659, 77309952
4865, 77309952
4855, 77309952
4815, 77309952
4601, 77309952
4914, 77309952
4845, 77309952
4737, 77309952
4885, 77309952
4753, 77309952
4750, 77309952
4711, 77309952
4883, 77309952
4757, 77309952
4852, 77309952
4845, 77309952
4737, 77309952
4885, 77309952
4753, 77309952
4750, 77309952
4711, 77309952
4883, 77309952
4757, 77309952
4852, 77309952
4781, 77309952
4833, 77309952
4813, 77309952
4723, 77309952
4902, 77309952
4857, 77309952
4673, 77309952
4726, 77309952
4780, 77309952
4781, 77309952
4833, 77309952
4813, 77309952
4723, 77309952
4902, 77309952
4857, 77309952
4673, 77309952
4726, 77309952
4780, 77309952
4535, 77309952
4646, 77309952
4657, 77309952
4850, 77309952
4818, 77309952
4667, 77309952
4694, 77309952
4688, 77309952
4732, 77309952
4535, 77309952
4646, 77309952
4657, 77309952
4850, 77309952
4818, 77309952
4667, 77309952
4694, 77309952
4688, 77309952
4732, 77309952
4733, 77309952
4890, 77309952
4884, 77309952
4589, 77309952
4867, 77309952
4920, 77309952
4910, 77309952
4792, 77309952
4832, 77309952
4733, 77309952
4890, 77309952
4884, 77309952
4589, 77309952
4867, 77309952
4920, 77309952
4910, 77309952
4792, 77309952
4832, 77309952
