4313, 45632656
4286, 45632656
4258, 45632656
4366, 45632656
4431, 45632656
4342, 45632656
4337, 45632656
4351, 45632656
4291, 45632656
4313, 45632656
4286, 45632656
4258, 45632656
4366, 45632656
4431, 45632656
4342, 45632656
4337, 45632656
4351, 45632656
4291, 45632656
4274, 45632656
4416, 45632656
4326, 45632656
4235, 45632656
4358, 45632656
4432, 45632656
4409, 45632656
4344, 45632656
4374, 45632656
4274, 45632656
4416, 45632656
4326, 45632656
4235, 45632656
4358, 45632656
4432, 45632656
4409, 45632656
4344, 45632656
4374, 45632656
4362, 45632656
4309, 45632656
4366, 45632656
4410, 45632656
4355, 45632656
4331, 45632656
4356, 45632656
4425, 45632656
4368, 45632656
4228, 45632656
4362, 45632656
4309, 45632656
4366, 45632656
4410, 45632656
4355, 45632656
4331, 45632656
4356, 45632656
4425, 45632656
4368, 45632656
4228, 45632656
4327, 45632656
4436, 45632656
4378, 45632656
4333, 45632656
4348, 45632656
4445, 45632656
4222, 45632656
4348, 45632656
4309, 45632656
4327, 45632656
4436, 45632656
4378, 45632656
4333, 45632656
4348, 45632656
4445, 45632656
4222, 45632656
4348, 45632656
4309, 45632656
4365, 45632656
4310, 45632656
4328, 45632656
4439, 45632656
4314, 45632656
4324, 45632656
4443, 45632656
4414, 45632656
4411, 45632656
4365, 45632656
4310, 45632656
4328, 45632656
4439, 45632656
4314, 45632656
4324, 45632656
4443, 45632656
4414, 45632656
4411, 45632656
4400, 45632656
4373, 45632656
4450, 45632656
4271, 45632656
4395, 45632656
4424, 45632656
4387, 45632656
4273, 45632656
4442, 45632656
4400, 45632656
4373, 45632656
4450, 45632656
4271, 45632656
4395, 45632656
4424, 45632656
4387, 45632656
4273, 45632656
4442, 45632656
