3768, 77309952
3732, 77309952
3718, 77309952
3756, 77309952
3765, 77309952
3752, 77309952
3700, 77309952
3738, 77309952
3730, 77309952
3768, 77309952
3732, 77309952
3718, 77309952
3756, 77309952
3765, 77309952
3752, 77309952
3700, 77309952
3738, 77309952
3730, 77309952
2750, 49033179
2723, 49033179
2716, 49033179
2712, 49033179
2712, 49033179
2709, 49033179
2758, 49033179
2729, 49033179
2742, 49033179
2750, 49033179
2723, 49033179
2716, 49033179
2712, 49033179
2712, 49033179
2709, 49033179
2758, 49033179
2729, 49033179
2742, 49033179
2782, 49033179
2724, 49033179
2702, 49033179
2714, 49033179
2718, 49033179
2741, 49033179
2729, 49033179
2739, 49033179
2751, 49033179
2782, 49033179
2724, 49033179
2702, 49033179
2714, 49033179
2718, 49033179
2741, 49033179
2729, 49033179
2739, 49033179
2751, 49033179
2770, 49033179
2722, 49033179
2684, 49033179
2729, 49033179
2701, 49033179
2690, 49033179
2762, 49033179
2667, 49033179
2729, 49033179
2770, 49033179
2722, 49033179
2684, 49033179
2729, 49033179
2701, 49033179
2690, 49033179
2762, 49033179
2667, 49033179
2729, 49033179
2776, 49033179
2733, 49033179
2700, 49033179
2718, 49033179
2697, 49033179
2718, 49033179
2726, 49033179
2758, 49033179
2732, 49033179
2776, 49033179
2733, 49033179
2700, 49033179
2718, 49033179
2697, 49033179
2718, 49033179
2726, 49033179
2758, 49033179
2732, 49033179
2751, 49033179
2714, 49033179
2709, 49033179
2726, 49033179
2703, 49033179
2738, 49033179
2781, 49033179
2730, 49033179
2726, 49033179
2751, 49033179
2714, 49033179
2709, 49033179
2726, 49033179
2703, 49033179
2738, 49033179
2781, 49033179
2730, 49033179
2726, 49033179
