1994, 45632656
2008, 45632656
2030, 45632656
2028, 45632656
2007, 45632656
2014, 45632656
1967, 45632656
2002, 45632656
2007, 45632656
1994, 45632656
2008, 45632656
2030, 45632656
2028, 45632656
2007, 45632656
2014, 45632656
1967, 45632656
2002, 45632656
2007, 45632656
1999, 45632656
2012, 45632656
2004, 45632656
2024, 45632656
1965, 45632656
2006, 45632656
2011, 45632656
1991, 45632656
1994, 45632656
1999, 45632656
2012, 45632656
2004, 45632656
2024, 45632656
1965, 45632656
2006, 45632656
2011, 45632656
1991, 45632656
1994, 45632656
2026, 45632656
2005, 45632656
2004, 45632656
2032, 45632656
1999, 45632656
2016, 45632656
2021, 45632656
2001, 45632656
2000, 45632656
2026, 45632656
2005, 45632656
2004, 45632656
2032, 45632656
1999, 45632656
2016, 45632656
2021, 45632656
2001, 45632656
2000, 45632656
1990, 45632656
1994, 45632656
2006, 45632656
1997, 45632656
1997, 45632656
1980, 45632656
2025, 45632656
1950, 45632656
2010, 45632656
1990, 45632656
1994, 45632656
2006, 45632656
1997, 45632656
1997, 45632656
1980, 45632656
2025, 45632656
1950, 45632656
2010, 45632656
2024, 45632656
2004, 45632656
1980, 45632656
2011, 45632656
2004, 45632656
2016, 45632656
2006, 45632656
1994, 45632656
1986, 45632656
2024, 45632656
2004, 45632656
1980, 45632656
2011, 45632656
2004, 45632656
2016, 45632656
2006, 45632656
1994, 45632656
1986, 45632656
2004, 45632656
2013, 45632656
2005, 45632656
2023, 45632656
2015, 45632656
2010, 45632656
1978, 45632656
2000, 45632656
1998, 45632656
2004, 45632656
2013, 45632656
2005, 45632656
2023, 45632656
2015, 45632656
2010, 45632656
1978, 45632656
2000, 45632656
1998, 45632656
