3724, 77309952
3794, 77309952
3723, 77309952
3762, 77309952
3741, 77309952
3754, 77309952
3732, 77309952
3767, 77309952
3737, 77309952
3724, 77309952
3794, 77309952
3723, 77309952
3762, 77309952
3741, 77309952
3754, 77309952
3732, 77309952
3767, 77309952
3737, 77309952
3694, 77309952
3744, 77309952
3766, 77309952
3772, 77309952
3643, 77309952
3722, 77309952
3756, 77309952
3752, 77309952
3718, 77309952
3694, 77309952
3744, 77309952
3766, 77309952
3772, 77309952
3643, 77309952
3722, 77309952
3756, 77309952
3752, 77309952
3718, 77309952
3716, 77309952
3706, 77309952
3698, 77309952
3787, 77309952
3732, 77309952
3727, 77309952
3691, 77309952
3709, 77309952
3738, 77309952
3716, 77309952
3706, 77309952
3698, 77309952
3787, 77309952
3732, 77309952
3727, 77309952
3691, 77309952
3709, 77309952
3738, 77309952
3694, 77309952
3761, 77309952
3718, 77309952
3695, 77309952
3673, 77309952
3743, 77309952
3759, 77309952
3622, 77309952
3691, 77309952
3694, 77309952
3761, 77309952
3718, 77309952
3695, 77309952
3673, 77309952
3743, 77309952
3759, 77309952
3622, 77309952
3691, 77309952
3763, 77309952
3729, 77309952
3660, 77309952
3729, 77309952
3736, 77309952
3748, 77309952
3703, 77309952
3757, 77309952
3733, 77309952
3763, 77309952
3729, 77309952
3660, 77309952
3729, 77309952
3736, 77309952
3748, 77309952
3703, 77309952
3757, 77309952
3733, 77309952
3687, 77309952
3720, 77309952
3741, 77309952
3707, 77309952
3685, 77309952
3767, 77309952
3716, 77309952
3713, 77309952
3742, 77309952
3687, 77309952
3720, 77309952
3741, 77309952
3707, 77309952
3685, 77309952
3767, 77309952
3716, 77309952
3713, 77309952
3742, 77309952
