4793, 77309952
4655, 77309952
4831, 77309952
4839, 77309952
4885, 77309952
4743, 77309952
4923, 77309952
4745, 77309952
4630, 77309952
4793, 77309952
4655, 77309952
4831, 77309952
4839, 77309952
4885, 77309952
4743, 77309952
4923, 77309952
4745, 77309952
4630, 77309952
4805, 48655083
4765, 48655083
4754, 48655083
4561, 48655083
4635, 48655083
4590, 48655083
4678, 48655083
4668, 48655083
4861, 48655083
4805, 48655083
4765, 48655083
4754, 48655083
4561, 48655083
4635, 48655083
4590, 48655083
4678, 48655083
4668, 48655083
4861, 48655083
4931, 48655083
4644, 48655083
4791, 48655083
4790, 48655083
4750, 48655083
4587, 48655083
4841, 48655083
4861, 48655083
4834, 48655083
4931, 48655083
4644, 48655083
4791, 48655083
4790, 48655083
4750, 48655083
4587, 48655083
4841, 48655083
4861, 48655083
4834, 48655083
4757, 48655083
4729, 48655083
4749, 48655083
4664, 48655083
4847, 48655083
4910, 48655083
4768, 48655083
4713, 48655083
4799, 48655083
4757, 48655083
4729, 48655083
4749, 48655083
4664, 48655083
4847, 48655083
4910, 48655083
4768, 48655083
4713, 48655083
4799, 48655083
4818, 48655083
4723, 48655083
4789, 48655083
4807, 48655083
4836, 48655083
4755, 48655083
4837, 48655083
4796, 48655083
4827, 48655083
4818, 48655083
4723, 48655083
4789, 48655083
4807, 48655083
4836, 48655083
4755, 48655083
4837, 48655083
4796, 48655083
4827, 48655083
4774, 48655083
4770, 48655083
4733, 48655083
4695, 48655083
4800, 48655083
4782, 48655083
4727, 48655083
4684, 48655083
4809, 48655083
4774, 48655083
4770, 48655083
4733, 48655083
4695, 48655083
4800, 48655083
4782, 48655083
4727, 48655083
4684, 48655083
4809, 48655083
