4436, 45632656
4317, 45632656
4401, 45632656
4451, 45632656
4284, 45632656
4231, 45632656
4378, 45632656
4472, 45632656
4213, 45632656
4436, 45632656
4317, 45632656
4401, 45632656
4451, 45632656
4284, 45632656
4231, 45632656
4378, 45632656
4472, 45632656
4213, 45632656
4398, 45632656
4451, 45632656
4374, 45632656
4315, 45632656
4417, 45632656
4464, 45632656
4458, 45632656
4306, 45632656
4446, 45632656
4398, 45632656
4451, 45632656
4374, 45632656
4315, 45632656
4417, 45632656
4464, 45632656
4458, 45632656
4306, 45632656
4446, 45632656
4339, 45632656
4345, 45632656
4345, 45632656
4421, 45632656
4386, 45632656
4350, 45632656
4441, 45632656
4432, 45632656
4453, 45632656
4339, 45632656
4345, 45632656
4345, 45632656
4421, 45632656
4386, 45632656
4350, 45632656
4441, 45632656
4432, 45632656
4453, 45632656
4435, 45632656
4418, 45632656
4298, 45632656
4340, 45632656
4427, 45632656
4434, 45632656
4410, 45632656
4320, 45632656
4439, 45632656
4435, 45632656
4418, 45632656
4298, 45632656
4340, 45632656
4427, 45632656
4434, 45632656
4410, 45632656
4320, 45632656
4439, 45632656
4460, 45632656
4295, 45632656
4354, 45632656
4299, 45632656
4373, 45632656
4314, 45632656
4414, 45632656
4439, 45632656
4440, 45632656
4460, 45632656
4295, 45632656
4354, 45632656
4299, 45632656
4373, 45632656
4314, 45632656
4414, 45632656
4439, 45632656
4440, 45632656
4448, 45632656
4423, 45632656
4229, 45632656
4292, 45632656
4453, 45632656
4496, 45632656
4396, 45632656
4338, 45632656
4460, 45632656
4448, 45632656
4423, 45632656
4229, 45632656
4292, 45632656
4453, 45632656
4496, 45632656
4396, 45632656
4338, 45632656
4460, 45632656
