4906, 77309952
4770, 77309952
4777, 77309952
4775, 77309952
4761, 77309952
4539, 77309952
4864, 77309952
4871, 77309952
4704, 77309952
4906, 77309952
4770, 77309952
4777, 77309952
4775, 77309952
4761, 77309952
4539, 77309952
4864, 77309952
4871, 77309952
4704, 77309952
4917, 77309952
4708, 77309952
4819, 77309952
4759, 77309952
4887, 77309952
4875, 77309952
4890, 77309952
4737, 77309952
4777, 77309952
4917, 77309952
4708, 77309952
4819, 77309952
4759, 77309952
4887, 77309952
4875, 77309952
4890, 77309952
4737, 77309952
4777, 77309952
4921, 77309952
4751, 77309952
4862, 77309952
4844, 77309952
4875, 77309952
4647, 77309952
4766, 77309952
4804, 77309952
4899, 77309952
4921, 77309952
4751, 77309952
4862, 77309952
4844, 77309952
4875, 77309952
4647, 77309952
4766, 77309952
4804, 77309952
4899, 77309952
4939, 77309952
4867, 77309952
4830, 77309952
4671, 77309952
4909, 77309952
4868, 77309952
4778, 77309952
4810, 77309952
4830, 77309952
4939, 77309952
4867, 77309952
4830, 77309952
4671, 77309952
4909, 77309952
4868, 77309952
4778, 77309952
4810, 77309952
4830, 77309952
4895, 77309952
4723, 77309952
4841, 77309952
4942, 77309952
4878, 77309952
4726, 77309952
4799, 77309952
4908, 77309952
4895, 77309952
4895, 77309952
4723, 77309952
4841, 77309952
4942, 77309952
4878, 77309952
4726, 77309952
4799, 77309952
4908, 77309952
4895, 77309952
4925, 77309952
4944, 77309952
4726, 77309952
4675, 77309952
4876, 77309952
4951, 77309952
4866, 77309952
4838, 77309952
4952, 77309952
4925, 77309952
4944, 77309952
4726, 77309952
4675, 77309952
4876, 77309952
4951, 77309952
4866, 77309952
4838, 77309952
4952, 77309952
